query_id,question,hypothesis,hyde_text,signature,generation_ms_per_query,signature_v1
1,"Bob and Ted are close friends. Ted is on trial for drug offences, and Bob has been selected as a juror in Ted’s case. Is the judge required to excuse Bob from serving on the jury?",0,"Bob is a close friend of Ted. Ted is on trial for drug offences, and Bob has been selected as a juror in Ted’s",768ff9991fd5123196b63dacf15893e14f650fb2f8875d19f0c6099523db6489,1812.3904086999985,15c37bc20edced443b1474f0798e9b9b44033d9fcd8ddb515a76eba3f5a4d918
2,"Harry is serving as a juror in a burglary trial. He is also a professional locksmith. During the proceedings, Harry is shown a lock which, in his expert view, is too damaged to have been lockpicked in the manner described in court. Why might Harry's expert knowledge of lockpicking be irrelevant when assessing the physical evidence?",0,a burglary trial,768ff9991fd5123196b63dacf15893e14f650fb2f8875d19f0c6099523db6489,1812.3904086999985,15c37bc20edced443b1474f0798e9b9b44033d9fcd8ddb515a76eba3f5a4d918
3,"Isaac is on trial for statutory murder of an emergency worker. You are his barrister. Should you notify the jury that, according to the Crimes Act 1958, the standard sentence for this offence is 30 years imprisonment?",0,The Crimes Act 1958 provides that a murder is a crime punishable by 30 years imprisonment.,768ff9991fd5123196b63dacf15893e14f650fb2f8875d19f0c6099523db6489,1812.3904086999985,15c37bc20edced443b1474f0798e9b9b44033d9fcd8ddb515a76eba3f5a4d918
4,Should jurors be excused if they have encountered news stories about the accused prior to the trial commencing?,0,The Victorian Criminal Code (VCC) is a code of practice that regulates the conduct of criminal proceedings. The code was introduced in 1894 to regulate,768ff9991fd5123196b63dacf15893e14f650fb2f8875d19f0c6099523db6489,1812.3904086999985,15c37bc20edced443b1474f0798e9b9b44033d9fcd8ddb515a76eba3f5a4d918
5,"Frank and Joe are jurors in an arson trial. Over the weekend, Joe finds photos of the accused holding a petrol canister and texts them to Frank. Having received this new information, what should Frank do?",0,A Victorian court has a jury of four. The jury is made up of three jurors. The first juror is a judge. The second,768ff9991fd5123196b63dacf15893e14f650fb2f8875d19f0c6099523db6489,1812.3904086999985,15c37bc20edced443b1474f0798e9b9b44033d9fcd8ddb515a76eba3f5a4d918
6,Does the standard of proof of “beyond reasonable doubt” imply that the jury must be fully convinced of every claim the prosecution has made?,0,The standard of proof of “beyond reasonable doubt” imply that the jury must be fully convinced of every claim the prosecution has made.,768ff9991fd5123196b63dacf15893e14f650fb2f8875d19f0c6099523db6489,1812.3904086999985,15c37bc20edced443b1474f0798e9b9b44033d9fcd8ddb515a76eba3f5a4d918
7,"Sally is accused of cultivating narcotic plants in her backyard. One of the elements of this charge is that “the accused intentionally cultivated or attempted to cultivate a particular substance.” To establish whether this is the case, the judge believes it would be valuable to visit Sally’s backyard and have the jury examine it for themselves. What is the name of the legal procedure whereby the court travels to a location relevant to the charge?",0,A Victorian criminal law case is a case in which a defendant intentionally cultivated or attempted to cultivate a particular substance.,768ff9991fd5123196b63dacf15893e14f650fb2f8875d19f0c6099523db6489,1812.3904086999985,15c37bc20edced443b1474f0798e9b9b44033d9fcd8ddb515a76eba3f5a4d918
8,"Josh is 21 years old. He witnessed a murder that was clearly perpetrated by the accused. The prosecution, however, needs to determine whether the accused committed the acts voluntarily, thus satisfying the elements of intentional or reckless murder. In court, the judge plays a recording of Josh giving his eyewitness testimony. What is this evidentiary process called?",0,The Victorian Criminal Code   1890  9  10  11  13  16  17  19 ,768ff9991fd5123196b63dacf15893e14f650fb2f8875d19f0c6099523db6489,1812.3904086999985,15c37bc20edced443b1474f0798e9b9b44033d9fcd8ddb515a76eba3f5a4d918
9,"Olivia illegally bought cannabis from a tobacconist. As she left, she saw a man firebomb the store. She is now a witness in the arson trial. What legal privilege should she consider when giving her evidence?",0,Victorian criminal law,768ff9991fd5123196b63dacf15893e14f650fb2f8875d19f0c6099523db6489,1812.3904086999985,15c37bc20edced443b1474f0798e9b9b44033d9fcd8ddb515a76eba3f5a4d918
10,Emma is found in possession of someone else’s phone but has no documentation of how she obtained it. Emma’s counsel argues that possession of the phone is circumstantial evidence and thus completely inadmissible to establish guilt. Is Emma’s counsel correct?,0,Emma is found in possession of someone else’s phone but has no documentation of how she obtained it. Emma’s counsel argues that possession of the phone,768ff9991fd5123196b63dacf15893e14f650fb2f8875d19f0c6099523db6489,1812.3904086999985,15c37bc20edced443b1474f0798e9b9b44033d9fcd8ddb515a76eba3f5a4d918
11,"John is on trial for an unnamed offence. John testifies that he could not have committed the offence because he was at an arcade 10 miles away when the offence took place. Earlier, the jury accepted arcade tickets as evidence of John's alibi. John’s counsel now argues that, given this plausible alibi, John could not have committed the crime. What type of reasoning is this an example of?",0,John is on trial for an unnamed offence. John testifies that he could not have committed the offence because he was at an arcade,768ff9991fd5123196b63dacf15893e14f650fb2f8875d19f0c6099523db6489,1812.3904086999985,15c37bc20edced443b1474f0798e9b9b44033d9fcd8ddb515a76eba3f5a4d918
12,Does Victoria have a law/laws protecting against double jeopardy?,0,Victoria has a law/laws protecting against double jeopardy.,768ff9991fd5123196b63dacf15893e14f650fb2f8875d19f0c6099523db6489,1812.3904086999985,15c37bc20edced443b1474f0798e9b9b44033d9fcd8ddb515a76eba3f5a4d918
13,"Sophie and Hazel are two of twelve jurors in a trial. Both are uncertain of their verdict, while the remaining ten jurors believe the accused is guilty. The jury is becoming frustrated with Sophie and Hazel's indecision, but the judge instructs the jury to continue deliberating. What is this instruction called?",0,The trial of Sophie and Hazel is a trial of twelve jurors in a Victorian penal system.,768ff9991fd5123196b63dacf15893e14f650fb2f8875d19f0c6099523db6489,1812.3904086999985,15c37bc20edced443b1474f0798e9b9b44033d9fcd8ddb515a76eba3f5a4d918
14,"Tim is on trial for aggravated burglary. Before Tim gives evidence, his counsel calls another witness to testify first. Why might this be a bad idea for the defence?",0,"Tim is on trial for aggravated burglary. Before Tim gives evidence, his counsel calls another witness to testify first.",768ff9991fd5123196b63dacf15893e14f650fb2f8875d19f0c6099523db6489,1812.3904086999985,15c37bc20edced443b1474f0798e9b9b44033d9fcd8ddb515a76eba3f5a4d918
15,Paul is 12 years old. He is a witness in a trial related to a common law riot. You are counsel for the accused. Should you argue that Paul’s is fundamentally untrustworthy because of his age?,0,A common law riot occurs when a person is drunk or intoxicated. The defendant is a witness in a common law trial. The court,768ff9991fd5123196b63dacf15893e14f650fb2f8875d19f0c6099523db6489,1812.3904086999985,15c37bc20edced443b1474f0798e9b9b44033d9fcd8ddb515a76eba3f5a4d918
16,Can the defence use good character evidence to argue the accused is innocent?,0,The Victorian Criminal Code states that a defendant must be guilty of a crime before being convicted. The Victorian Court of Appeal has ruled that the accused,768ff9991fd5123196b63dacf15893e14f650fb2f8875d19f0c6099523db6489,1812.3904086999985,15c37bc20edced443b1474f0798e9b9b44033d9fcd8ddb515a76eba3f5a4d918
17,Can the prosecution freely use bad character evidence to argue the accused is guilty?,0,The Victorian Criminal Code states that a defendant must be guilty of a crime before being convicted. The Victorian criminal code also states that the accused must be,768ff9991fd5123196b63dacf15893e14f650fb2f8875d19f0c6099523db6489,1812.3904086999985,15c37bc20edced443b1474f0798e9b9b44033d9fcd8ddb515a76eba3f5a4d918
18,"Sam is on trial for murdering her neighbour. The prosecution presents a text from Sam to a friend saying, “I murdered my neighbour today.” What must be established for this text to be treated as an admission?",0,"Sam is on trial for murdering her neighbour. The prosecution presents a text from Sam to a friend saying, “I murdered my neighbour today.” What",768ff9991fd5123196b63dacf15893e14f650fb2f8875d19f0c6099523db6489,1812.3904086999985,15c37bc20edced443b1474f0798e9b9b44033d9fcd8ddb515a76eba3f5a4d918
19,"Omar is charged with intentionally causing serious injury. In a recorded interview, he admits being at the scene and pushing the complainant but denies using a weapon or intending serious harm. At trial, the prosecution asks the jury to accept the incriminating parts of the interview but treat his denial of using a weapon as lies. Does this necessarily involve ‘consciousness of guilt’ reasoning?",0,A recorded interview with Omar is recorded in a recorded interview. The recorded interview is recorded by the police and recorded by a witness. The witness is,768ff9991fd5123196b63dacf15893e14f650fb2f8875d19f0c6099523db6489,1812.3904086999985,15c37bc20edced443b1474f0798e9b9b44033d9fcd8ddb515a76eba3f5a4d918
20,"Liam is on trial for arson. His sister gives evidence that, at a family dinner, she said, “The police think you set fire to Dad’s shed. You didn’t do it, did you?” Liam, who had been speaking normally, then went silent and looked down. Can this be used as evidence probative of guilt?",0,"Liam is on trial for arson. His sister gives evidence that, at a family dinner, she said, “The police think you set fire to",768ff9991fd5123196b63dacf15893e14f650fb2f8875d19f0c6099523db6489,1812.3904086999985,15c37bc20edced443b1474f0798e9b9b44033d9fcd8ddb515a76eba3f5a4d918
21,"At Zoe’s assault trial, the prosecution argues that her blank, expressionless stare at photos of the injured complainant indicates guilt. Is this argument sound?",0,"A blank, expressionless stare at photos of the injured complainant indicates guilt.",768ff9991fd5123196b63dacf15893e14f650fb2f8875d19f0c6099523db6489,1812.3904086999985,15c37bc20edced443b1474f0798e9b9b44033d9fcd8ddb515a76eba3f5a4d918
22,The defence raises the issue of mental impairment and bears the onus of proving it. There is a psychiatrist who has examined the accused. Is the prosecution required to call this psychiatrist as a witness?,0,The defence raises the issue of mental impairment and bears the onus of proving it. There is a psychiatrist who has examined the accused. I,768ff9991fd5123196b63dacf15893e14f650fb2f8875d19f0c6099523db6489,1812.3904086999985,15c37bc20edced443b1474f0798e9b9b44033d9fcd8ddb515a76eba3f5a4d918
23,"Sarah is tried for armed robbery. She does not give or call any evidence. In closing, the prosecution avoids mentioning her silence directly but repeatedly stresses that “only the prosecution’s account is supported by evidence.” Is this submission by the prosecution permissible?",0,The prosecution does not give or call any evidence.,768ff9991fd5123196b63dacf15893e14f650fb2f8875d19f0c6099523db6489,1812.3904086999985,15c37bc20edced443b1474f0798e9b9b44033d9fcd8ddb515a76eba3f5a4d918
24,"In a criminal trial, defence counsel fails to challenge an important part of a prosecution witness’s evidence and later runs a case theory inconsistent with that evidence. The prosecution complains that this has caused unfairness. As the trial judge, how should you decide what to do about it?",0,A criminal trial is a trial of a defendant in a criminal trial. The defendant is convicted of committing a crime. The trial judge,768ff9991fd5123196b63dacf15893e14f650fb2f8875d19f0c6099523db6489,1812.3904086999985,15c37bc20edced443b1474f0798e9b9b44033d9fcd8ddb515a76eba3f5a4d918
25,"In an armed robbery trial, a shop assistant who has served the accused every week for years is shown still images from CCTV and says, “Based on how he looks, that’s the same customer who comes into my store.” What type of identification evidence is this an example of?",0,CCTV footage,768ff9991fd5123196b63dacf15893e14f650fb2f8875d19f0c6099523db6489,1812.3904086999985,15c37bc20edced443b1474f0798e9b9b44033d9fcd8ddb515a76eba3f5a4d918
26,"One of the elements of aggravated carjacking is the use of a weapon or causing injury to another person (Crimes Act 1958 s 79A). Smith witnesses an aggravated carjacking late at night. He sees the offender wield a weapon but does not get a good look at their face. A year later, he positively identifies the accused, saying he “recognised him immediately from the daytime photo the police showed me last year.” What cognitive bias, about which the jury is educated, may be relevant in this case?",0,"A year later, he positively identifies the accused, saying he “recognised him immediately from the daytime photo the police showed me",768ff9991fd5123196b63dacf15893e14f650fb2f8875d19f0c6099523db6489,1812.3904086999985,15c37bc20edced443b1474f0798e9b9b44033d9fcd8ddb515a76eba3f5a4d918
27,"You are the trial judge in a child stealing case. During the trial, the prosecutor briefly mentions that the image used for recognising the accused was taken before the accused was detained but gives no further explanation. What are judges instructed to do in this situation?",0,The image used for recognising the accused was taken before the accused were detained but gives no further explanation.,768ff9991fd5123196b63dacf15893e14f650fb2f8875d19f0c6099523db6489,1812.3904086999985,15c37bc20edced443b1474f0798e9b9b44033d9fcd8ddb515a76eba3f5a4d918
28,"Harvey is on trial for dangerous driving causing serious injury. Priya, a mechanic with 15 years’ experience, inspects the damaged vehicles and wants to tell the jury that, in her opinion, the pattern of damage shows Harvey was travelling at “at least 110 km/h” before impact. Are Priya’s comments inadmissible because they are opinion evidence?",0,Priya’s comments are opinion evidence.,768ff9991fd5123196b63dacf15893e14f650fb2f8875d19f0c6099523db6489,1812.3904086999985,15c37bc20edced443b1474f0798e9b9b44033d9fcd8ddb515a76eba3f5a4d918
29,"Chris is on trial for intentionally or recklessly causing a bushfire. His counsel says he was carrying out a “cool burn.” Talia, a First Nations woman, is called to explain First Nations practices. Is Talia’s evidence admissible?",0,Talia is a First Nations woman who is on trial for intentionally or recklessly causing a bushfire.,768ff9991fd5123196b63dacf15893e14f650fb2f8875d19f0c6099523db6489,1812.3904086999985,15c37bc20edced443b1474f0798e9b9b44033d9fcd8ddb515a76eba3f5a4d918
30,"Noah is on trial for killing his father, who had been violent towards Noah’s mother for decades. The defence calls an expert to describe how poverty, lack of access to services, and cultural stigma around separation can trap families in violent homes. Is this expert's evidence admissible?",0,The evidence needed to answer this question about Victorian criminal law is:,768ff9991fd5123196b63dacf15893e14f650fb2f8875d19f0c6099523db6489,1812.3904086999985,15c37bc20edced443b1474f0798e9b9b44033d9fcd8ddb515a76eba3f5a4d918
31,"Police have detained and taken DNA samples from three of four full siblings in a carjacking investigation: Chloe (female, 24), Sam (female, 23), and Joseph (male, 22). The fourth sibling, Kyle (male, 22), was not detained or sampled. Mitochondrial DNA testing of a crime scene sample links all three sampled siblings to the scene. Y-STR testing (which examines Y-chromosome DNA passed from father to son) links Joseph to the scene. Nuclear DNA testing also links Joseph to the scene. Is this information sufficient to reasonably link Joseph to the crime scene?",0,Mitochondrial DNA testing of a crime scene sample links all three sampled siblings to the scene. Y-STR testing (which examines,768ff9991fd5123196b63dacf15893e14f650fb2f8875d19f0c6099523db6489,1812.3904086999985,15c37bc20edced443b1474f0798e9b9b44033d9fcd8ddb515a76eba3f5a4d918
32,"Police have detained and taken DNA samples from three of four full siblings in a carjacking investigation: Chloe (female, 24), Sam (female, 23), and Joseph (male, 22). The fourth sibling, Kylie (female, 22), was not detained or sampled. Mitochondrial DNA testing of a crime scene sample links all three sampled siblings to the scene. Y-STR testing (which examines Y-chromosome DNA passed from father to son) links Joseph to the scene. Nuclear DNA testing also links Joseph to the scene. Is this information sufficient to reasonably link Joseph to the crime scene?",0,Mitochondrial DNA testing of a crime scene sample links all three sampled siblings to the scene. Y-STR testing (which examines,768ff9991fd5123196b63dacf15893e14f650fb2f8875d19f0c6099523db6489,1812.3904086999985,15c37bc20edced443b1474f0798e9b9b44033d9fcd8ddb515a76eba3f5a4d918
33,Is the right to silence based solely on common law?,0,The right to silence is a constitutional right. The right of silence is the right to a person to speak or to be heard.,768ff9991fd5123196b63dacf15893e14f650fb2f8875d19f0c6099523db6489,1812.3904086999985,15c37bc20edced443b1474f0798e9b9b44033d9fcd8ddb515a76eba3f5a4d918
34,"Daniel is questioned by police about an armed robbery. He gives his name and age but answers “no comment” when asked where he was at 1 am and who he was with. He is now on trial, and you are the prosecutor. Should you invite the jury to treat his selective silence as evidence of guilt?",0,A Victorian criminal law case is a case in which a defendant is questioned by police about an armed robbery. The defendant is given,768ff9991fd5123196b63dacf15893e14f650fb2f8875d19f0c6099523db6489,1812.3904086999985,15c37bc20edced443b1474f0798e9b9b44033d9fcd8ddb515a76eba3f5a4d918
35,"At dinner, Kim and Frank watch a news story about a drive-by shooting. Kim says the car looks like Frank’s and asks, “That’s not your car, is it, Frank?” Frank stays silent. Frank is now on trial. Why is it important for the prosecution that Kim is not a government authority?",0,Kim is a government official.,768ff9991fd5123196b63dacf15893e14f650fb2f8875d19f0c6099523db6489,1812.3904086999985,15c37bc20edced443b1474f0798e9b9b44033d9fcd8ddb515a76eba3f5a4d918
36,"Kim and Frank are at a Christmas party and are watching a news story about a recent drive-by shooting. Kim thinks the car looks like Frank’s and asks, “That’s not your car, is it?” Frank stays silent. A few minutes later, the police shut down the party due to noise complaints. Later, Frank is on trial for offences related to the same drive-by shooting. Why is it important to the defence that the party was loud?",0,The police shut down the party due to noise complaints.,768ff9991fd5123196b63dacf15893e14f650fb2f8875d19f0c6099523db6489,1812.3904086999985,15c37bc20edced443b1474f0798e9b9b44033d9fcd8ddb515a76eba3f5a4d918
37,"Rachel is on trial for poisoning her business partner with mushrooms. There is no direct proof Rachel possessed poisonous mushrooms, but the prosecution shows that: (1) two weeks before the death she searched for a specific species of poisonous mushroom; (2) she had a manual for dehydration equipment that can mask the taste of mushrooms; and (3) toxicology shows her partner was poisoned by that same species. The prosecution argues it is highly improbable all of this is coincidental, if the death were an accident. What kind of inferential reasoning or type of evidence is the prosecution asking the jury to use?",0,"The prosecution argues it is highly improbable all of this is coincidental, if the death were an accident.",768ff9991fd5123196b63dacf15893e14f650fb2f8875d19f0c6099523db6489,1812.3904086999985,15c37bc20edced443b1474f0798e9b9b44033d9fcd8ddb515a76eba3f5a4d918
38,Daisy witnessed a murder in her prison and is called by the prosecution to give evidence. Is she a “prison informer”?,0,A murder is a crime that is committed by a person or group of people. The murder of a victim is considered a murder. The victim,768ff9991fd5123196b63dacf15893e14f650fb2f8875d19f0c6099523db6489,1812.3904086999985,15c37bc20edced443b1474f0798e9b9b44033d9fcd8ddb515a76eba3f5a4d918
39,"Emma is committed for trial on 1 March. On 25 March, she first tells her lawyer she was at a movie with her sister at the time of the alleged offence and wants both to give evidence, but no notice has been filed. What procedural step is required before Emma, or her sister can give evidence that she was at the movie rather than at the scene of the offence?",0,"Emma is committed for trial on 1 March. On 25 March, she first tells her lawyer she was at a movie with her sister at the time of",768ff9991fd5123196b63dacf15893e14f650fb2f8875d19f0c6099523db6489,1812.3904086999985,15c37bc20edced443b1474f0798e9b9b44033d9fcd8ddb515a76eba3f5a4d918
40,"Alex is charged with a robbery at a shopping centre at 8:15 pm. He leads evidence that he was having dinner with friends at a restaurant across town at that time, and the jury thinks there is a real chance this is true. Ignoring the standard elements of robbery, what more needs to be proven to establish Alex’s guilt?",0,Alex is charged with a robbery at a shopping centre at 8:15 pm. He leads evidence that he was having dinner with friends,768ff9991fd5123196b63dacf15893e14f650fb2f8875d19f0c6099523db6489,1812.3904086999985,15c37bc20edced443b1474f0798e9b9b44033d9fcd8ddb515a76eba3f5a4d918
41,"Liam and Noah plan to break into a warehouse to steal electronics. Liam agrees to act as the lookout while Noah goes inside; during the burglary, Noah violently assaults a security guard. Liam is later charged as a secondary party to the assault. Under Victorian law, on what basis could Liam be found “involved in the commission” of the assault, even though he only agreed to help with the burglary?",0,Liam and Noah plan to break into a warehouse to steal electronics. Liam agrees to act as the lookout while Noah goes inside; during the,768ff9991fd5123196b63dacf15893e14f650fb2f8875d19f0c6099523db6489,1812.3904086999985,15c37bc20edced443b1474f0798e9b9b44033d9fcd8ddb515a76eba3f5a4d918
42,"Courtney and Tom agree to sell what they think is a harmless “party pill” to strangers at a music festival. The pills are in fact a controlled drug, and the conduct clearly amounts to a criminal offence. For Courtney to be liable on the basis of this agreement, must the prosecution prove that she knew the substance was illegal?",0,Courtney and Tom agree to sell what they think is a harmless “party pill” to strangers at a music festival. The pills are in fact,768ff9991fd5123196b63dacf15893e14f650fb2f8875d19f0c6099523db6489,1812.3904086999985,15c37bc20edced443b1474f0798e9b9b44033d9fcd8ddb515a76eba3f5a4d918
43,"Noah convinces his 12-year-old nephew to deliver a sealed package to an address, telling him it contains “books for a friend,” when in fact Noah has filled the package with prohibited drugs. The nephew has no idea what is inside and believes he’s doing a harmless favour. If police intercept the drugs, can Noah be liable as a principal offender for drug trafficking?",0,A letter sent to a person who has been convicted of drug trafficking.,768ff9991fd5123196b63dacf15893e14f650fb2f8875d19f0c6099523db6489,1812.3904086999985,15c37bc20edced443b1474f0798e9b9b44033d9fcd8ddb515a76eba3f5a4d918
44,"Jordan is a factory worker; Mia is his supervisor. They’re both charged with a Commonwealth conspiracy to commit an offence that requires an employer to ensure the safety of employees at a hazardous worksite. Two company directors, alleged to be the other parties to the agreement, have already been acquitted of the conspiracy. In these circumstances, can Jordan be found guilty of the conspiracy?",0,Jordan is a factory worker; Mia is his supervisor. They’re both charged with a Commonwealth conspiracy to commit an offence that requires an employer,768ff9991fd5123196b63dacf15893e14f650fb2f8875d19f0c6099523db6489,1812.3904086999985,15c37bc20edced443b1474f0798e9b9b44033d9fcd8ddb515a76eba3f5a4d918
45,"Clyde, who has schizophrenia, assaults a stranger while experiencing delusions. He knows he is hitting a person but believes they are a “demon.” Does his mental illness, or his failure to appreciate the wrongfulness of his conduct, necessarily make his act involuntary?",0,"Clyde, who has schizophrenia, assaults a stranger while experiencing delusions. He knows he is hitting a person but believes they are",768ff9991fd5123196b63dacf15893e14f650fb2f8875d19f0c6099523db6489,1812.3904086999985,15c37bc20edced443b1474f0798e9b9b44033d9fcd8ddb515a76eba3f5a4d918
46,"Jonah is driving when he suddenly suffers an unexpected convulsion, causing his leg to slam down on the accelerator and his car to mount the curb and hit a pedestrian. If the only cause of the collision was this sudden bodily movement during the convulsion, how should a court characterise his physical act for the purpose of criminal liability?",0,A convulsion is a sudden bodily movement during a convulsive event. A convex convulsed is characterized by ,768ff9991fd5123196b63dacf15893e14f650fb2f8875d19f0c6099523db6489,1812.3904086999985,15c37bc20edced443b1474f0798e9b9b44033d9fcd8ddb515a76eba3f5a4d918
47,"At Andrew’s assault trial, there is no suggestion he was unconscious, seizing, or sleepwalking; all the evidence shows him standing, speaking, and then punching the complainant. Does the prosecution need specific evidence that the punch was voluntary, or can voluntariness be inferred from these circumstances?",0,"Andrew’s assault trial, there is no suggestion he was unconscious, seizing, or sleepwalking; all the evidence shows him standing, speaking,",768ff9991fd5123196b63dacf15893e14f650fb2f8875d19f0c6099523db6489,1812.3904086999985,15c37bc20edced443b1474f0798e9b9b44033d9fcd8ddb515a76eba3f5a4d918
48,"Jacob sets off powerful fireworks in a small, crowded backyard. He later admits he knew people could get hurt but did it anyway. In Victoria, what level of criminal culpability best describes his conduct?",0,"Jacob sets off powerful fireworks in a small, crowded backyard.",768ff9991fd5123196b63dacf15893e14f650fb2f8875d19f0c6099523db6489,1812.3904086999985,15c37bc20edced443b1474f0798e9b9b44033d9fcd8ddb515a76eba3f5a4d918
49,"Liam throws a heavy brick off a freeway overpass into peak-hour traffic. He later tells police, “I knew it might hit a car, but I didn’t really think much more about it.” At trial, the prosecution tells the jury that recklessness is established if Liam knew the brick “might” cause harm. Why is this an incorrect statement of the legal test for recklessness in Victoria?",0,Liam throws a heavy brick off a freeway overpass into peak-hour traffic.,768ff9991fd5123196b63dacf15893e14f650fb2f8875d19f0c6099523db6489,1812.3904086999985,15c37bc20edced443b1474f0798e9b9b44033d9fcd8ddb515a76eba3f5a4d918
50,Abigail is on trial in Victoria for causing serious injury. She argues that the injury was “an accident” because she pushed a door open without looking and it unexpectedly hit someone on the other side. Can Abigail rely on a standalone defence of “accident” in Victoria?,0,Abigail is on trial in Victoria for causing serious injury. She argues that the injury was “an accident” because she pushed a door,768ff9991fd5123196b63dacf15893e14f650fb2f8875d19f0c6099523db6489,1812.3904086999985,15c37bc20edced443b1474f0798e9b9b44033d9fcd8ddb515a76eba3f5a4d918
51,"Ethan punches Marcus once in the head during an argument. Marcus falls, hits his head on the gutter, and dies in hospital two days later. At trial, Ethan admits to killing Marcus by punching him. What elements must still be proved for Ethan to be convicted of murder?",0,"Ethan punches Marcus once in the head during an argument. Marcus falls, hits his head on the gutter, and dies in hospital two days later",768ff9991fd5123196b63dacf15893e14f650fb2f8875d19f0c6099523db6489,1812.3904086999985,15c37bc20edced443b1474f0798e9b9b44033d9fcd8ddb515a76eba3f5a4d918
52,"Ethan admits he voluntarily and intentionally killed Marcus, a German Shepherd, without lawful justification. Name ONE element of murder that is missing here.",0,"Ethan admits he voluntarily and intentionally killed Marcus, a German Shepherd, without lawful justification.",768ff9991fd5123196b63dacf15893e14f650fb2f8875d19f0c6099523db6489,1812.3904086999985,15c37bc20edced443b1474f0798e9b9b44033d9fcd8ddb515a76eba3f5a4d918
53,"Ethan, a sane 24-year-old, intentionally killed Marcus, a child, without lawful justification, and the jury accepts this beyond reasonable doubt. Under Victorian law, how could this still not amount to manslaughter or murder?",0,The Victorian Criminal Code states that a person who intentionally kills a child is guilty of manslaughter. The Victorian criminal code also states that,768ff9991fd5123196b63dacf15893e14f650fb2f8875d19f0c6099523db6489,1812.3904086999985,15c37bc20edced443b1474f0798e9b9b44033d9fcd8ddb515a76eba3f5a4d918
54,"Harper, a New South Wales resident, shoots Riley in Sydney. Riley is stabilised in an NSW hospital, then transferred to a specialist trauma unit in Melbourne, where complications arise during surgery and he dies 10 days after the shooting. Can Harper be tried in a Victorian court?",0,A gunshot is a fatal shooting of a person in a public place. The gunshot occurs when a firearm is fired at a civilian,768ff9991fd5123196b63dacf15893e14f650fb2f8875d19f0c6099523db6489,1812.3904086999985,15c37bc20edced443b1474f0798e9b9b44033d9fcd8ddb515a76eba3f5a4d918
55,"Mila fires a gun recklessly into a crowded apartment block corridor, committing the offence of reckless conduct endangering life. One of the bullets kills Jonah. The prosecution seeks to invoke statutory murder. On what basis could this reckless conduct offence be treated as a foundational offence?",0,A gun is a weapon that is used to kill someone. A firearm is referred to as a firearm. A gun can be used to shoot someone,768ff9991fd5123196b63dacf15893e14f650fb2f8875d19f0c6099523db6489,1812.3904086999985,15c37bc20edced443b1474f0798e9b9b44033d9fcd8ddb515a76eba3f5a4d918
56,"During an argument outside a bar in 2016, Taylor swings once at Jordan’s jaw; Jordan falls backwards, hits their head on the curb and dies from the head injury. For manslaughter by an unlawful and dangerous act, which element of the offence does Crimes Act 1958 s 4A(4) help the jury assess?",0,A criminal offence is a crime that is committed by a person or group of people who are in a dangerous or dangerous state.,768ff9991fd5123196b63dacf15893e14f650fb2f8875d19f0c6099523db6489,1812.3904086999985,15c37bc20edced443b1474f0798e9b9b44033d9fcd8ddb515a76eba3f5a4d918
57,"The accused admits he did not actually think death or really serious injury was likely, but the jury is sure that any reasonable person in his position would have realised they were exposing the victim to an appreciable risk of serious injury. If both reckless murder and manslaughter are left, which verdict does this state of mind support?",0,"The accused admits he did not actually think death or really serious injury was likely, but the jury is sure that any reasonable person in his position would have",768ff9991fd5123196b63dacf15893e14f650fb2f8875d19f0c6099523db6489,1812.3904086999985,15c37bc20edced443b1474f0798e9b9b44033d9fcd8ddb515a76eba3f5a4d918
58,"In 2010, Amir and Bella agree to “rough up” a debtor by slapping him around and threatening him, but nothing more. During the confrontation, Bella unexpectedly pulls a knife and fatally stabs the debtor. Amir is charged with manslaughter as a secondary party. If the prosecution relies on the doctrine that extends liability beyond the agreed lesser assault, what must they prove about Amir’s foresight of Bella’s escalation?",0,"Amir and Bella agree to “rough up” a debtor by slapping him around and threatening him, but nothing more. ",768ff9991fd5123196b63dacf15893e14f650fb2f8875d19f0c6099523db6489,1812.3904086999985,15c37bc20edced443b1474f0798e9b9b44033d9fcd8ddb515a76eba3f5a4d918
59,"A person is sitting in the back seat of a moving taxi when the taxi strikes a pedestrian at a crossing, killing them instantly. The prosecution later alleges that this rear-seat passenger is guilty of culpable driving causing death because he was driving a motor vehicle at the time of the collision. Is this a sound argument?",0,"A person is sitting in the back seat of a moving taxi when the taxi strikes a pedestrian at a crossing, killing them instantly. The prosecution later",768ff9991fd5123196b63dacf15893e14f650fb2f8875d19f0c6099523db6489,1812.3904086999985,15c37bc20edced443b1474f0798e9b9b44033d9fcd8ddb515a76eba3f5a4d918
60,"In a culpable driving causing death trial, the prosecution tells the jury: “You cannot find the accused guilty unless you are sure he actually realised his driving fell well below that of an ordinary careful driver; if he was simply unaware of the danger, you must acquit.” Is this an accurate statement of the law?",0,The Victorian Criminal Code states that a person guilty of culpable driving causing death must be found guilty of the following charges:,768ff9991fd5123196b63dacf15893e14f650fb2f8875d19f0c6099523db6489,1812.3904086999985,15c37bc20edced443b1474f0798e9b9b44033d9fcd8ddb515a76eba3f5a4d918
61,Two friends agree to race their cars along a suburban street. One driver loses control and fatally hits a cyclist; the other does not crash. On what general basis could the second driver still be held responsible for the death?,0,A driver who loses control and hits a cyclist is considered to be guilty of causing the death of the cyclist.,768ff9991fd5123196b63dacf15893e14f650fb2f8875d19f0c6099523db6489,1812.3904086999985,15c37bc20edced443b1474f0798e9b9b44033d9fcd8ddb515a76eba3f5a4d918
62,"While driving late at night, Jerry fails to see a cyclist and runs him over, killing him instantly. Jerry was not drunk, reckless or negligent. Why does it matter to the prosecution that Jerry knew his headlights were broken before driving?",0,"Jerry was not drunk, reckless or negligent.",768ff9991fd5123196b63dacf15893e14f650fb2f8875d19f0c6099523db6489,1812.3904086999985,15c37bc20edced443b1474f0798e9b9b44033d9fcd8ddb515a76eba3f5a4d918
63,"Asha is Ben’s manager at work. One evening they both freely and voluntarily have sex. Two days after the act, Asha regrets her decision. Does this mean Asha's consent was violated?",0,"Asha is Ben’s manager at work. One evening they both freely and voluntarily have sex. Two days after the act, Asha regret",768ff9991fd5123196b63dacf15893e14f650fb2f8875d19f0c6099523db6489,1812.3904086999985,15c37bc20edced443b1474f0798e9b9b44033d9fcd8ddb515a76eba3f5a4d918
64,"Jones is on trial for an unnamed sexual offence. He says that, in his culture, silence or lack of resistance means agreement. In light of this explanation, what specific issue about Jones awareness must the jury determine when deciding his guilt?",0,"Jones is on trial for an unnamed sexual offence. He says that, in his culture, silence or lack of resistance means agreement. In light of",768ff9991fd5123196b63dacf15893e14f650fb2f8875d19f0c6099523db6489,1812.3904086999985,15c37bc20edced443b1474f0798e9b9b44033d9fcd8ddb515a76eba3f5a4d918
65,"Jones is on trial for an unnamed sexual offence. He says that, in his culture, silence or lack of resistance means agreement. Must the jury learn more about this culture to decide whether he reasonably believed there was consent?",0,"The sentence of Jones is a sexual offence. Jones is on trial for an unnamed sexual offender. Jones says that, in his culture,",768ff9991fd5123196b63dacf15893e14f650fb2f8875d19f0c6099523db6489,1812.3904086999985,15c37bc20edced443b1474f0798e9b9b44033d9fcd8ddb515a76eba3f5a4d918
66,"After an alleged sexual assault, Liam goes straight to his sister’s apartment and, sobbing and struggling to speak, tells her what happened. At trial, the prosecution calls his sister to describe his emotional state when he reported it. Why might Liam’s behaviour at that time be important evidence against the accused?",0,"Liam goes straight to his sister’s apartment and, sobbing and struggling to speak, tells her what happened. At trial, the prosecution calls his",768ff9991fd5123196b63dacf15893e14f650fb2f8875d19f0c6099523db6489,1812.3904086999985,15c37bc20edced443b1474f0798e9b9b44033d9fcd8ddb515a76eba3f5a4d918
67,"At trial, the complainant describes an alleged sexual assault in a completely flat tone, without visible emotion. Some jurors think this means she is “probably lying.” Is this a valid assumption?",0,A sexual assault is a sexual assault that occurs when a person is sexually assaulted. Sexual assaults are usually committed in a public place,768ff9991fd5123196b63dacf15893e14f650fb2f8875d19f0c6099523db6489,1812.3904086999985,15c37bc20edced443b1474f0798e9b9b44033d9fcd8ddb515a76eba3f5a4d918
68,"Assume the year is 2012. Why is it problematic for a judge to direct the jury that the prosecution must prove the accused “intended to commit rape in the sense that, at the time of penetration, he knew the complainant was not or might not be consenting”?",0,The Victorian Criminal Code states that a person who commits a crime must be guilty of the offence. The sentence is based on the fact that,768ff9991fd5123196b63dacf15893e14f650fb2f8875d19f0c6099523db6489,1812.3904086999985,15c37bc20edced443b1474f0798e9b9b44033d9fcd8ddb515a76eba3f5a4d918
69,"The prosecution alleges that the accused forced the complainant to put his own penis into his own mouth. Under the current statutory definition, does this amount to sexual penetration of oneself?",0,"The prosecution alleges that the accused forced the complainant to put his own penis into his own mouth. Under the current statutory definition, does this amount",768ff9991fd5123196b63dacf15893e14f650fb2f8875d19f0c6099523db6489,1812.3904086999985,15c37bc20edced443b1474f0798e9b9b44033d9fcd8ddb515a76eba3f5a4d918
70,"In 2016, person A instructs person C to insert person C’s finger into person B’s mouth. Under the definition of “sexual penetration” in s 37D of the Crimes Act 1958, why does this not amount to person A sexually penetrating person B?",0,"In 2016, person A instructs person C to insert person C’s finger into person B’s mouth. Under the definition of “sexual penetration” in ",768ff9991fd5123196b63dacf15893e14f650fb2f8875d19f0c6099523db6489,1812.3904086999985,15c37bc20edced443b1474f0798e9b9b44033d9fcd8ddb515a76eba3f5a4d918
71,"In 2016, person A instructs person C to insert person C’s penis into person B’s mouth. Under the definition of “sexual penetration” in s 37D of the Crimes Act 1958, why does this amount to person A sexually penetrating person B?",0,"In 2016, person A instructs person C to insert person C’s penis into person B’s mouth. Under the definition of “sexual penetration” in",768ff9991fd5123196b63dacf15893e14f650fb2f8875d19f0c6099523db6489,1812.3904086999985,15c37bc20edced443b1474f0798e9b9b44033d9fcd8ddb515a76eba3f5a4d918
72,"Under Victorian law, can a person assigned male at birth be sexually penetrated somewhere other than the anus or mouth?",0,"Under Victorian law, a person assigned male at birth can be sexually penetrated somewhere other than the anus or mouth.",768ff9991fd5123196b63dacf15893e14f650fb2f8875d19f0c6099523db6489,1812.3904086999985,15c37bc20edced443b1474f0798e9b9b44033d9fcd8ddb515a76eba3f5a4d918
73,"On a crowded tram, Caleb briefly brushes Rina’s hand while reaching for a pole; later he privately admits he finds her attractive and had a sexual interest in her. On these grounds alone, is Caleb’s private sexual interest enough to make that brief hand contact “sexual touching”?",0,Caleb briefly brushes Rina’s hand while reaching for a pole; later he privately admits he finds her attractive and had a,768ff9991fd5123196b63dacf15893e14f650fb2f8875d19f0c6099523db6489,1812.3904086999985,15c37bc20edced443b1474f0798e9b9b44033d9fcd8ddb515a76eba3f5a4d918
74,"Assume the year is 2011. Nina is sexually aroused by feet and secretly attracted to her colleague Caleb. During a meeting, she slowly removes his shoe under the table, later admitting she did so purely for her own sexual gratification. Does her sexual motive alone make the removal of Caleb’s shoe an indecent assault?",0,"Nina is sexually aroused by feet and secretly attracted to her colleague Caleb. During a meeting, she slowly removes",768ff9991fd5123196b63dacf15893e14f650fb2f8875d19f0c6099523db6489,1812.3904086999985,15c37bc20edced443b1474f0798e9b9b44033d9fcd8ddb515a76eba3f5a4d918
75,"During an argument, Imogen swings her fist at Sara but stops just short. Sara flinches and braces for impact, but later says she “wasn’t actually scared.” Why doesn’t Sara’s claim that she wasn’t afraid stop Imogen’s conduct from amounting to assault?",0,Imogen is a woman who is convicted of assault.,768ff9991fd5123196b63dacf15893e14f650fb2f8875d19f0c6099523db6489,1812.3904086999985,15c37bc20edced443b1474f0798e9b9b44033d9fcd8ddb515a76eba3f5a4d918
76,“I’m not from law enforcement and I’m going to illegally kill you in the next couple of years or so” does not amount to assault because which element of the offence is missing?,0,A person is a person who is convicted of a crime.,768ff9991fd5123196b63dacf15893e14f650fb2f8875d19f0c6099523db6489,1812.3904086999985,15c37bc20edced443b1474f0798e9b9b44033d9fcd8ddb515a76eba3f5a4d918
77,"Mia receives several late-night calls from Noah. Each time she answers, he says nothing. Knowing his violent history, she believes he is outside about to attack. What is the citation of the common law case that held this conduct can amount to assault?",0,A Victorian criminal law case that held this conduct can amount to assault.,768ff9991fd5123196b63dacf15893e14f650fb2f8875d19f0c6099523db6489,1812.3904086999985,15c37bc20edced443b1474f0798e9b9b44033d9fcd8ddb515a76eba3f5a4d918
78,"Assault' is defined to mean the direct or indirect application of force to the body of, or to the clothing or equipment worn by, a person. “Application of force” is defined to include the application of heat, light, electric current or any other form of energy, as well as the application of matter in solid, liquid or gaseous form. For the purposes of Victorian criminal law as it pertains to assault, which statute establishes the meaning of a police officer?",0,"Assault' is defined to mean the direct or indirect application of force to the body of, or to the clothing or equipment worn by, a person",768ff9991fd5123196b63dacf15893e14f650fb2f8875d19f0c6099523db6489,1812.3904086999985,15c37bc20edced443b1474f0798e9b9b44033d9fcd8ddb515a76eba3f5a4d918
79,"Officer Harper stops Liam on the street, says, “I’m just curious if you’ve got anything on you,” and, without any lawful basis, searches his pockets and finds drugs. Liam resists and accidentally strikes Harper during the unlawful search. In these circumstances, is Harper acting “in the execution of her duty” at the time of the alleged assault?",0,Liam resists and accidentally strikes Harper during the unlawful search.,768ff9991fd5123196b63dacf15893e14f650fb2f8875d19f0c6099523db6489,1812.3904086999985,15c37bc20edced443b1474f0798e9b9b44033d9fcd8ddb515a76eba3f5a4d918
80,"As officers move in to arrest Malik outside a bar, his friend Tia sees them coming and yells, “Run, they’re about to grab you!” intending to help him escape. What key fact about the effect of Tia’s warning must be proved in order to charge her with obstruction?",0,"Tia sees them coming and yells, “Run, they’re about to grab you!” intending to help him escape. What",768ff9991fd5123196b63dacf15893e14f650fb2f8875d19f0c6099523db6489,1812.3904086999985,15c37bc20edced443b1474f0798e9b9b44033d9fcd8ddb515a76eba3f5a4d918
81,Which Victorian statute amended the Crimes Act 1958 to cover stalking over the internet?,0,Victorian law enacted the Crimes Act 1958 to cover stalking over the internet.,768ff9991fd5123196b63dacf15893e14f650fb2f8875d19f0c6099523db6489,1812.3904086999985,15c37bc20edced443b1474f0798e9b9b44033d9fcd8ddb515a76eba3f5a4d918
82,"What are the elements of carjacking? Actually, I can answer that question for you. The offence has the following three elements: (i) The accused stole a vehicle; (ii) Immediately before or at the time of the theft, the accused: (a) Used force on any person; or (b) Put any person in fear that s/he or another person would, then and there, be subject to the use of force; or (c) Sought to put any person in fear that s/he or another person would, then and there, be subject to the use of force; and (iii) The accused did so in order to commit the theft (Crimes Act 1958 s 79(1)). Answer only this question: In a large shopping centre, Soraya stands in one spot near the central atrium all afternoon, turning only her head and eyes to keep Felix in view as he walks between different levels and stores. She never changes her physical position. On these facts, does Soraya follow Felix?",0,The Crimes Act 1958 s 79(1) states that a person who is convicted of a crime must be found guilty of committing a,768ff9991fd5123196b63dacf15893e14f650fb2f8875d19f0c6099523db6489,1812.3904086999985,15c37bc20edced443b1474f0798e9b9b44033d9fcd8ddb515a76eba3f5a4d918
83,"Angry at Leo, Martina repeatedly dumps dead flowers and threatening notes on his doorstep and also tags him in public posts accusing him of crimes, hoping his employer will see them. Which two separate stalking acts in statutes best capture this pattern? The following information is irrelevant to answering the question: In 2013, Leo was convicted of “manslaughter by unlawful and dangerous act.” During the trial, a jury member asked the judge the following question: “Under Victorian law, what is the first element of an unlawful and dangerous act causing death and what does it entail? And also, what are the other elements to this offence? And how is it different to negligent manslaughter?”",0,Victorian law provides that a person is guilty of a crime if he or she commits a criminal offence.,768ff9991fd5123196b63dacf15893e14f650fb2f8875d19f0c6099523db6489,1812.3904086999985,15c37bc20edced443b1474f0798e9b9b44033d9fcd8ddb515a76eba3f5a4d918
84,"Mary is Rafa’s mother. Twelve-year-old Rafa has been especially naughty this week: on Monday he threw water on his brother Gregory, and on Tuesday he stole his sister’s watch. On Wednesday, as punishment, Mary confines Rafa to his room for an hour. What are the citations of the cases suggesting that Mary’s treatment of Rafa is lawful? As an aside, let's talk about Mary’s childhood. When Mary was younger, she was part of a violent gang. She would roam the streets carrying a cricket bat, and when elderly women walked past, Mary would swing the bat towards them, never actually hitting them but bringing it close enough to make them believe they were about to be struck. One day, Mary was caught by the police. She was charged with assault not involving the application of force but was never convicted because the prosecution couldn’t prove the first element of the offence.",0,Mary was a violent gang member who would roam the streets carrying a cricket bat.,768ff9991fd5123196b63dacf15893e14f650fb2f8875d19f0c6099523db6489,1812.3904086999985,15c37bc20edced443b1474f0798e9b9b44033d9fcd8ddb515a76eba3f5a4d918
85,"After an argument at home, 15-year-old Felix storms out and gets into the car of his aunt, Rosa, who takes him to stay at her house. Rosa used no trickery or threats, but she knows Felix’s parents want him back and tells him, “You can stay here as long as you like.” On these facts, is Rosa’s conduct closer to taking a child or harbouring a child under the Victorian law?",0,"Rosa used no trickery or threats, but she knows Felix’s parents want him back and tells him, “You can stay here as long as you",768ff9991fd5123196b63dacf15893e14f650fb2f8875d19f0c6099523db6489,1812.3904086999985,15c37bc20edced443b1474f0798e9b9b44033d9fcd8ddb515a76eba3f5a4d918
86,"A 13-year-old, Hamish, orders a rideshare to a friend’s house after a fight with his parents. The driver, Zoe, picks him up outside his home, asks “Are your parents okay with you going?”, gets a vague shrug, but offers no encouragement and simply follows the entered destination. On these facts, has Zoe taken Hamish away?",0,"A 13-year-old boy, Hamish, orders a rideshare to a friend’s house after a fight with his parents. The",768ff9991fd5123196b63dacf15893e14f650fb2f8875d19f0c6099523db6489,1812.3904086999985,15c37bc20edced443b1474f0798e9b9b44033d9fcd8ddb515a76eba3f5a4d918
87,"During a gig, Luca quietly picks up someone else’s guitar, uses it for his set, then returns it to exactly the same spot before the owner notices. He always planned to put it back. On these facts alone, has Luca formed the mental element for theft?",0,"During a gig, Luca quietly picks up someone else’s guitar, uses it for his set, then returns it to exactly the same",768ff9991fd5123196b63dacf15893e14f650fb2f8875d19f0c6099523db6489,1812.3904086999985,15c37bc20edced443b1474f0798e9b9b44033d9fcd8ddb515a76eba3f5a4d918
88,How does the definition of “dishonesty” under Commonwealth law differ from that used in Victorian law?,0,The definition of “dishonesty” under Victorian law is similar to that used in Victorian law.,768ff9991fd5123196b63dacf15893e14f650fb2f8875d19f0c6099523db6489,1812.3904086999985,15c37bc20edced443b1474f0798e9b9b44033d9fcd8ddb515a76eba3f5a4d918
89,What is a good?,0,A good legal document is a good legal record.,768ff9991fd5123196b63dacf15893e14f650fb2f8875d19f0c6099523db6489,1812.3904086999985,15c37bc20edced443b1474f0798e9b9b44033d9fcd8ddb515a76eba3f5a4d918
90,"Kai forces the owner of a vacant farm to leave, then lives there rent-free for six months, locking everyone else out of the gate and using it as his own space. For the purposes of handling stolen goods, does Kai’s wrongful occupation turn the land itself into “stolen goods”?",0,"Kai forces the owner of a vacant farm to leave, then lives there rent-free for six months, locking everyone else out of the gate and using it",768ff9991fd5123196b63dacf15893e14f650fb2f8875d19f0c6099523db6489,1812.3904086999985,15c37bc20edced443b1474f0798e9b9b44033d9fcd8ddb515a76eba3f5a4d918
91,Carmen submits a valuation certificate for 500 crates of “premium truffles” that don’t exist and uses it to support a finance application. Which case has been treated as authority that a valuation of non-existent goods is fraudulent in this way?,0,Carmen submits a valuation certificate for 500 crates of “premium truffles” that don’t exist and uses it to support a,768ff9991fd5123196b63dacf15893e14f650fb2f8875d19f0c6099523db6489,1812.3904086999985,15c37bc20edced443b1474f0798e9b9b44033d9fcd8ddb515a76eba3f5a4d918
92,"One element of theft is an intention to permanently deprive the owner of property. Nicholas threatens to smash his neighbour’s car unless she pays him $500 “for the damage you did last year,” an amount she genuinely owes. He intends to keep the $500 permanently but makes no claim over any other property. On these facts, which offence does his state of mind more clearly support – theft or blackmail – and why?",0,The theft of property is a crime that is punishable by imprisonment for life.,768ff9991fd5123196b63dacf15893e14f650fb2f8875d19f0c6099523db6489,1812.3904086999985,15c37bc20edced443b1474f0798e9b9b44033d9fcd8ddb515a76eba3f5a4d918
93,"Rafi, a former executive of a publicly traded company, phones the current CEO and says, “Transfer $1 million to my account or I’ll leak information that will seriously damage your company's valuation.” Years earlier, Rafi was convicted of assault not involving force. Under Victorian law, what technical label best fits this kind of threat, and which reported case in your materials is cited as authority for treating market-damage threats in this way?",0,Victorian law provides for the use of force in the prevention of market-damage threats.,768ff9991fd5123196b63dacf15893e14f650fb2f8875d19f0c6099523db6489,1812.3904086999985,15c37bc20edced443b1474f0798e9b9b44033d9fcd8ddb515a76eba3f5a4d918
94,"Josh deliberately and dishonestly destroys physical bank documents that record a loan he still owes, hoping to improve his own financial position. Which specific offence best captures Josh's conduct?",0,"Josh deliberately and dishonestly destroys physical bank documents that record a loan he still owes, hoping to improve his own financial position",768ff9991fd5123196b63dacf15893e14f650fb2f8875d19f0c6099523db6489,1812.3904086999985,15c37bc20edced443b1474f0798e9b9b44033d9fcd8ddb515a76eba3f5a4d918
95,"Marco transfers cryptocurrency through multiple wallets to make it harder to trace, fully aware it came from a fraud scheme. Under the Victorian “dealing with proceeds of crime” offences, which physical element is clearly satisfied by his conduct, and which highest mental state could be charged on these facts?",0,"Marco transfers cryptocurrency through multiple wallets to make it harder to trace, fully aware it came from a fraud scheme. Under the Victorian “dealing with proceeds",768ff9991fd5123196b63dacf15893e14f650fb2f8875d19f0c6099523db6489,1812.3904086999985,15c37bc20edced443b1474f0798e9b9b44033d9fcd8ddb515a76eba3f5a4d918
96,"Smith is a dealer, and so is his friend Walter. After some haggling, they agree to swap a quantity of Smith’s cocaine for Walter’s ice. Which case is specifically cited to show that this type of deal amounts to trafficking?",0,"Smith is a dealer, and so is his friend Walter. After some haggling, they agree to swap a quantity of Smith’s cocaine for Walter",768ff9991fd5123196b63dacf15893e14f650fb2f8875d19f0c6099523db6489,1812.3904086999985,15c37bc20edced443b1474f0798e9b9b44033d9fcd8ddb515a76eba3f5a4d918
97,"Over six months, Minh alternates between weeks of intense dealing and long quiet stretches with no proven activity. The transactions involve different drugs, buyers and locations, but all are commercial. The indictment alleges he “trafficked” by carrying on a business over that whole period. What must the jury be satisfied of, given the patchy pattern of conduct?",0,"The transactions involve different drugs, buyers and locations, but all are commercial. The indictment alleges he “trafficked” by carrying on ",768ff9991fd5123196b63dacf15893e14f650fb2f8875d19f0c6099523db6489,1812.3904086999985,15c37bc20edced443b1474f0798e9b9b44033d9fcd8ddb515a76eba3f5a4d918
98,"“The salt of the abovementioned drugs, derivates and _______” Which word goes in the blank and which act does this phrase belong to?",0,"The salt of the abovementioned drugs, derivates and _",768ff9991fd5123196b63dacf15893e14f650fb2f8875d19f0c6099523db6489,1812.3904086999985,15c37bc20edced443b1474f0798e9b9b44033d9fcd8ddb515a76eba3f5a4d918
99,"After a grave insult, Jordan cools off for several hours, then calmly returns and kills. Which state of mind required for provocation is missing on these facts, and what is the technical term for it?",0,Provocation is a state of mind that requires the person to be calm and not violent.,768ff9991fd5123196b63dacf15893e14f650fb2f8875d19f0c6099523db6489,1812.3904086999985,15c37bc20edced443b1474f0798e9b9b44033d9fcd8ddb515a76eba3f5a4d918
100,"“There was an agreement between the accused and the deceased to seek the _____ of all parties to the agreement.” What is the missing word, and where is this specific phrase used?",0,The court ruled that the accused had not been guilty of a crime.,768ff9991fd5123196b63dacf15893e14f650fb2f8875d19f0c6099523db6489,1812.3904086999985,15c37bc20edced443b1474f0798e9b9b44033d9fcd8ddb515a76eba3f5a4d918
1,"Bob and Ted are close friends. Ted is on trial for drug offences, and Bob has been selected as a juror in Ted’s case. Is the judge required to excuse Bob from serving on the jury?",1,The judge must excuse Bob from serving on the jury if he is not a good witness.,768ff9991fd5123196b63dacf15893e14f650fb2f8875d19f0c6099523db6489,1812.3904086999985,15c37bc20edced443b1474f0798e9b9b44033d9fcd8ddb515a76eba3f5a4d918
2,"Harry is serving as a juror in a burglary trial. He is also a professional locksmith. During the proceedings, Harry is shown a lock which, in his expert view, is too damaged to have been lockpicked in the manner described in court. Why might Harry's expert knowledge of lockpicking be irrelevant when assessing the physical evidence?",1,Harry is a professional locksmith and is unable to identify the damage to the lock.,768ff9991fd5123196b63dacf15893e14f650fb2f8875d19f0c6099523db6489,1812.3904086999985,15c37bc20edced443b1474f0798e9b9b44033d9fcd8ddb515a76eba3f5a4d918
3,"Isaac is on trial for statutory murder of an emergency worker. You are his barrister. Should you notify the jury that, according to the Crimes Act 1958, the standard sentence for this offence is 30 years imprisonment?",1,The Crimes Act 1958 provides that a murder is a crime punishable by 30 years imprisonment.,768ff9991fd5123196b63dacf15893e14f650fb2f8875d19f0c6099523db6489,1812.3904086999985,15c37bc20edced443b1474f0798e9b9b44033d9fcd8ddb515a76eba3f5a4d918
4,Should jurors be excused if they have encountered news stories about the accused prior to the trial commencing?,1,"The Victorian Criminal Law Guide states that if a jury has been informed of a news story about an accused, they are not entitled to a fair",768ff9991fd5123196b63dacf15893e14f650fb2f8875d19f0c6099523db6489,1812.3904086999985,15c37bc20edced443b1474f0798e9b9b44033d9fcd8ddb515a76eba3f5a4d918
5,"Frank and Joe are jurors in an arson trial. Over the weekend, Joe finds photos of the accused holding a petrol canister and texts them to Frank. Having received this new information, what should Frank do?",1,Joe is a juror in an arson trial. Joe finds photos of the accused holding a petrol canister and texts them to Frank. Frank should,768ff9991fd5123196b63dacf15893e14f650fb2f8875d19f0c6099523db6489,1812.3904086999985,15c37bc20edced443b1474f0798e9b9b44033d9fcd8ddb515a76eba3f5a4d918
6,Does the standard of proof of “beyond reasonable doubt” imply that the jury must be fully convinced of every claim the prosecution has made?,1,The standard of proof of “beyond reasonable doubt” is a requirement that the jury must be fully convinced of every claim the prosecution has made.,768ff9991fd5123196b63dacf15893e14f650fb2f8875d19f0c6099523db6489,1812.3904086999985,15c37bc20edced443b1474f0798e9b9b44033d9fcd8ddb515a76eba3f5a4d918
7,"Sally is accused of cultivating narcotic plants in her backyard. One of the elements of this charge is that “the accused intentionally cultivated or attempted to cultivate a particular substance.” To establish whether this is the case, the judge believes it would be valuable to visit Sally’s backyard and have the jury examine it for themselves. What is the name of the legal procedure whereby the court travels to a location relevant to the charge?",1,The judge believes it would be valuable to visit Sally’s backyard and have the jury examine it for themselves.,768ff9991fd5123196b63dacf15893e14f650fb2f8875d19f0c6099523db6489,1812.3904086999985,15c37bc20edced443b1474f0798e9b9b44033d9fcd8ddb515a76eba3f5a4d918
8,"Josh is 21 years old. He witnessed a murder that was clearly perpetrated by the accused. The prosecution, however, needs to determine whether the accused committed the acts voluntarily, thus satisfying the elements of intentional or reckless murder. In court, the judge plays a recording of Josh giving his eyewitness testimony. What is this evidentiary process called?",1,"The prosecution, however, needs to determine whether the accused committed the acts voluntarily, thus satisfying the elements of intentional or reckless murder.",768ff9991fd5123196b63dacf15893e14f650fb2f8875d19f0c6099523db6489,1812.3904086999985,15c37bc20edced443b1474f0798e9b9b44033d9fcd8ddb515a76eba3f5a4d918
9,"Olivia illegally bought cannabis from a tobacconist. As she left, she saw a man firebomb the store. She is now a witness in the arson trial. What legal privilege should she consider when giving her evidence?",1,The person who bought cannabis from a tobacconist must be a witness in the arson trial.,768ff9991fd5123196b63dacf15893e14f650fb2f8875d19f0c6099523db6489,1812.3904086999985,15c37bc20edced443b1474f0798e9b9b44033d9fcd8ddb515a76eba3f5a4d918
10,Emma is found in possession of someone else’s phone but has no documentation of how she obtained it. Emma’s counsel argues that possession of the phone is circumstantial evidence and thus completely inadmissible to establish guilt. Is Emma’s counsel correct?,1,Emma’s counsel argues that possession of the phone is circumstantial evidence and thus completely inadmissible to establish guilt.,768ff9991fd5123196b63dacf15893e14f650fb2f8875d19f0c6099523db6489,1812.3904086999985,15c37bc20edced443b1474f0798e9b9b44033d9fcd8ddb515a76eba3f5a4d918
11,"John is on trial for an unnamed offence. John testifies that he could not have committed the offence because he was at an arcade 10 miles away when the offence took place. Earlier, the jury accepted arcade tickets as evidence of John's alibi. John’s counsel now argues that, given this plausible alibi, John could not have committed the crime. What type of reasoning is this an example of?",1,John testifies that he could not have committed the offence because he was at an arcade 10 miles away when the offENCE took place.,768ff9991fd5123196b63dacf15893e14f650fb2f8875d19f0c6099523db6489,1812.3904086999985,15c37bc20edced443b1474f0798e9b9b44033d9fcd8ddb515a76eba3f5a4d918
12,Does Victoria have a law/laws protecting against double jeopardy?,1,Victoria has a law that protects the rights of people to participate in a game of double jeopardy.,768ff9991fd5123196b63dacf15893e14f650fb2f8875d19f0c6099523db6489,1812.3904086999985,15c37bc20edced443b1474f0798e9b9b44033d9fcd8ddb515a76eba3f5a4d918
13,"Sophie and Hazel are two of twelve jurors in a trial. Both are uncertain of their verdict, while the remaining ten jurors believe the accused is guilty. The jury is becoming frustrated with Sophie and Hazel's indecision, but the judge instructs the jury to continue deliberating. What is this instruction called?",1,"The jury is becoming frustrated with Sophie and Hazel's indecision, but the judge instructs the jury to continue deliberating.",768ff9991fd5123196b63dacf15893e14f650fb2f8875d19f0c6099523db6489,1812.3904086999985,15c37bc20edced443b1474f0798e9b9b44033d9fcd8ddb515a76eba3f5a4d918
14,"Tim is on trial for aggravated burglary. Before Tim gives evidence, his counsel calls another witness to testify first. Why might this be a bad idea for the defence?",1,Tim is a burglar and has been charged with burglary.,768ff9991fd5123196b63dacf15893e14f650fb2f8875d19f0c6099523db6489,1812.3904086999985,15c37bc20edced443b1474f0798e9b9b44033d9fcd8ddb515a76eba3f5a4d918
15,Paul is 12 years old. He is a witness in a trial related to a common law riot. You are counsel for the accused. Should you argue that Paul’s is fundamentally untrustworthy because of his age?,1,The court may decide that Paul is untrustworthy because of his age.,768ff9991fd5123196b63dacf15893e14f650fb2f8875d19f0c6099523db6489,1812.3904086999985,15c37bc20edced443b1474f0798e9b9b44033d9fcd8ddb515a76eba3f5a4d918
16,Can the defence use good character evidence to argue the accused is innocent?,1,The court must be able to prove that the accused is innocent of any crime.,768ff9991fd5123196b63dacf15893e14f650fb2f8875d19f0c6099523db6489,1812.3904086999985,15c37bc20edced443b1474f0798e9b9b44033d9fcd8ddb515a76eba3f5a4d918
17,Can the prosecution freely use bad character evidence to argue the accused is guilty?,1,The Victorian Criminal Law Guide states that the prosecution must use evidence of bad character to prove that the accused is guilty.,768ff9991fd5123196b63dacf15893e14f650fb2f8875d19f0c6099523db6489,1812.3904086999985,15c37bc20edced443b1474f0798e9b9b44033d9fcd8ddb515a76eba3f5a4d918
18,"Sam is on trial for murdering her neighbour. The prosecution presents a text from Sam to a friend saying, “I murdered my neighbour today.” What must be established for this text to be treated as an admission?",1,The text must be established as an admission of guilt.,768ff9991fd5123196b63dacf15893e14f650fb2f8875d19f0c6099523db6489,1812.3904086999985,15c37bc20edced443b1474f0798e9b9b44033d9fcd8ddb515a76eba3f5a4d918
19,"Omar is charged with intentionally causing serious injury. In a recorded interview, he admits being at the scene and pushing the complainant but denies using a weapon or intending serious harm. At trial, the prosecution asks the jury to accept the incriminating parts of the interview but treat his denial of using a weapon as lies. Does this necessarily involve ‘consciousness of guilt’ reasoning?",1,The court may not be able to determine whether the defendant is guilty of the crime.,768ff9991fd5123196b63dacf15893e14f650fb2f8875d19f0c6099523db6489,1812.3904086999985,15c37bc20edced443b1474f0798e9b9b44033d9fcd8ddb515a76eba3f5a4d918
20,"Liam is on trial for arson. His sister gives evidence that, at a family dinner, she said, “The police think you set fire to Dad’s shed. You didn’t do it, did you?” Liam, who had been speaking normally, then went silent and looked down. Can this be used as evidence probative of guilt?",1,"Liam is on trial for arson. His sister gives evidence that, at a family dinner, she said, “The police think you set fire to",768ff9991fd5123196b63dacf15893e14f650fb2f8875d19f0c6099523db6489,1812.3904086999985,15c37bc20edced443b1474f0798e9b9b44033d9fcd8ddb515a76eba3f5a4d918
21,"At Zoe’s assault trial, the prosecution argues that her blank, expressionless stare at photos of the injured complainant indicates guilt. Is this argument sound?",1,The defendant is a person who has been abused by others.,768ff9991fd5123196b63dacf15893e14f650fb2f8875d19f0c6099523db6489,1812.3904086999985,15c37bc20edced443b1474f0798e9b9b44033d9fcd8ddb515a76eba3f5a4d918
22,The defence raises the issue of mental impairment and bears the onus of proving it. There is a psychiatrist who has examined the accused. Is the prosecution required to call this psychiatrist as a witness?,1,The defence raises the issue of mental impairment and bears the onus of proving it. The defence has a psychiatrist who has examined the accused.,768ff9991fd5123196b63dacf15893e14f650fb2f8875d19f0c6099523db6489,1812.3904086999985,15c37bc20edced443b1474f0798e9b9b44033d9fcd8ddb515a76eba3f5a4d918
23,"Sarah is tried for armed robbery. She does not give or call any evidence. In closing, the prosecution avoids mentioning her silence directly but repeatedly stresses that “only the prosecution’s account is supported by evidence.” Is this submission by the prosecution permissible?",1,The prosecution must give evidence to the jury in order to be admissible.,768ff9991fd5123196b63dacf15893e14f650fb2f8875d19f0c6099523db6489,1812.3904086999985,15c37bc20edced443b1474f0798e9b9b44033d9fcd8ddb515a76eba3f5a4d918
24,"In a criminal trial, defence counsel fails to challenge an important part of a prosecution witness’s evidence and later runs a case theory inconsistent with that evidence. The prosecution complains that this has caused unfairness. As the trial judge, how should you decide what to do about it?",1,The court must consider whether the evidence is inadmissible or not.,768ff9991fd5123196b63dacf15893e14f650fb2f8875d19f0c6099523db6489,1812.3904086999985,15c37bc20edced443b1474f0798e9b9b44033d9fcd8ddb515a76eba3f5a4d918
25,"In an armed robbery trial, a shop assistant who has served the accused every week for years is shown still images from CCTV and says, “Based on how he looks, that’s the same customer who comes into my store.” What type of identification evidence is this an example of?",1,CCTV is a type of identification evidence that can be used to identify a person.,768ff9991fd5123196b63dacf15893e14f650fb2f8875d19f0c6099523db6489,1812.3904086999985,15c37bc20edced443b1474f0798e9b9b44033d9fcd8ddb515a76eba3f5a4d918
26,"One of the elements of aggravated carjacking is the use of a weapon or causing injury to another person (Crimes Act 1958 s 79A). Smith witnesses an aggravated carjacking late at night. He sees the offender wield a weapon but does not get a good look at their face. A year later, he positively identifies the accused, saying he “recognised him immediately from the daytime photo the police showed me last year.” What cognitive bias, about which the jury is educated, may be relevant in this case?",1,The criminal law guide explains that the use of a weapon or causing injury to another person is a form of aggravated carjacking.,768ff9991fd5123196b63dacf15893e14f650fb2f8875d19f0c6099523db6489,1812.3904086999985,15c37bc20edced443b1474f0798e9b9b44033d9fcd8ddb515a76eba3f5a4d918
27,"You are the trial judge in a child stealing case. During the trial, the prosecutor briefly mentions that the image used for recognising the accused was taken before the accused was detained but gives no further explanation. What are judges instructed to do in this situation?",1,The judge must be able to identify the accused and the accused's identity.,768ff9991fd5123196b63dacf15893e14f650fb2f8875d19f0c6099523db6489,1812.3904086999985,15c37bc20edced443b1474f0798e9b9b44033d9fcd8ddb515a76eba3f5a4d918
28,"Harvey is on trial for dangerous driving causing serious injury. Priya, a mechanic with 15 years’ experience, inspects the damaged vehicles and wants to tell the jury that, in her opinion, the pattern of damage shows Harvey was travelling at “at least 110 km/h” before impact. Are Priya’s comments inadmissible because they are opinion evidence?",1,Priya’s comments are inadmissible because they are opinion evidence.,768ff9991fd5123196b63dacf15893e14f650fb2f8875d19f0c6099523db6489,1812.3904086999985,15c37bc20edced443b1474f0798e9b9b44033d9fcd8ddb515a76eba3f5a4d918
29,"Chris is on trial for intentionally or recklessly causing a bushfire. His counsel says he was carrying out a “cool burn.” Talia, a First Nations woman, is called to explain First Nations practices. Is Talia’s evidence admissible?",1,Talia’s evidence is admissible because it is based on the evidence of a First Nations woman.,768ff9991fd5123196b63dacf15893e14f650fb2f8875d19f0c6099523db6489,1812.3904086999985,15c37bc20edced443b1474f0798e9b9b44033d9fcd8ddb515a76eba3f5a4d918
30,"Noah is on trial for killing his father, who had been violent towards Noah’s mother for decades. The defence calls an expert to describe how poverty, lack of access to services, and cultural stigma around separation can trap families in violent homes. Is this expert's evidence admissible?",1,The expert's evidence is a forensic analysis of a family’s home.,768ff9991fd5123196b63dacf15893e14f650fb2f8875d19f0c6099523db6489,1812.3904086999985,15c37bc20edced443b1474f0798e9b9b44033d9fcd8ddb515a76eba3f5a4d918
31,"Police have detained and taken DNA samples from three of four full siblings in a carjacking investigation: Chloe (female, 24), Sam (female, 23), and Joseph (male, 22). The fourth sibling, Kyle (male, 22), was not detained or sampled. Mitochondrial DNA testing of a crime scene sample links all three sampled siblings to the scene. Y-STR testing (which examines Y-chromosome DNA passed from father to son) links Joseph to the scene. Nuclear DNA testing also links Joseph to the scene. Is this information sufficient to reasonably link Joseph to the crime scene?",1,Mitochondrial DNA testing of a crime scene sample links all three sampled siblings to the scene. Y-STR testing (which examines,768ff9991fd5123196b63dacf15893e14f650fb2f8875d19f0c6099523db6489,1812.3904086999985,15c37bc20edced443b1474f0798e9b9b44033d9fcd8ddb515a76eba3f5a4d918
32,"Police have detained and taken DNA samples from three of four full siblings in a carjacking investigation: Chloe (female, 24), Sam (female, 23), and Joseph (male, 22). The fourth sibling, Kylie (female, 22), was not detained or sampled. Mitochondrial DNA testing of a crime scene sample links all three sampled siblings to the scene. Y-STR testing (which examines Y-chromosome DNA passed from father to son) links Joseph to the scene. Nuclear DNA testing also links Joseph to the scene. Is this information sufficient to reasonably link Joseph to the crime scene?",1,Mitochondrial DNA testing of a crime scene sample links all three sampled siblings to the scene. Y-STR testing (which examines,768ff9991fd5123196b63dacf15893e14f650fb2f8875d19f0c6099523db6489,1812.3904086999985,15c37bc20edced443b1474f0798e9b9b44033d9fcd8ddb515a76eba3f5a4d918
33,Is the right to silence based solely on common law?,1,The right to silence is based on the common law principle of the law of the state.,768ff9991fd5123196b63dacf15893e14f650fb2f8875d19f0c6099523db6489,1812.3904086999985,15c37bc20edced443b1474f0798e9b9b44033d9fcd8ddb515a76eba3f5a4d918
34,"Daniel is questioned by police about an armed robbery. He gives his name and age but answers “no comment” when asked where he was at 1 am and who he was with. He is now on trial, and you are the prosecutor. Should you invite the jury to treat his selective silence as evidence of guilt?",1,The law of the Australian state of Victoria imposes a minimum sentence of 10 years in prison for armed robbery.,768ff9991fd5123196b63dacf15893e14f650fb2f8875d19f0c6099523db6489,1812.3904086999985,15c37bc20edced443b1474f0798e9b9b44033d9fcd8ddb515a76eba3f5a4d918
35,"At dinner, Kim and Frank watch a news story about a drive-by shooting. Kim says the car looks like Frank’s and asks, “That’s not your car, is it, Frank?” Frank stays silent. Frank is now on trial. Why is it important for the prosecution that Kim is not a government authority?",1,Kim is a private person and is not a government authority.,768ff9991fd5123196b63dacf15893e14f650fb2f8875d19f0c6099523db6489,1812.3904086999985,15c37bc20edced443b1474f0798e9b9b44033d9fcd8ddb515a76eba3f5a4d918
36,"Kim and Frank are at a Christmas party and are watching a news story about a recent drive-by shooting. Kim thinks the car looks like Frank’s and asks, “That’s not your car, is it?” Frank stays silent. A few minutes later, the police shut down the party due to noise complaints. Later, Frank is on trial for offences related to the same drive-by shooting. Why is it important to the defence that the party was loud?",1,The police shut down the party due to noise complaints.,768ff9991fd5123196b63dacf15893e14f650fb2f8875d19f0c6099523db6489,1812.3904086999985,15c37bc20edced443b1474f0798e9b9b44033d9fcd8ddb515a76eba3f5a4d918
37,"Rachel is on trial for poisoning her business partner with mushrooms. There is no direct proof Rachel possessed poisonous mushrooms, but the prosecution shows that: (1) two weeks before the death she searched for a specific species of poisonous mushroom; (2) she had a manual for dehydration equipment that can mask the taste of mushrooms; and (3) toxicology shows her partner was poisoned by that same species. The prosecution argues it is highly improbable all of this is coincidental, if the death were an accident. What kind of inferential reasoning or type of evidence is the prosecution asking the jury to use?",1,"There is no direct proof Rachel possessed poisonous mushrooms, but the prosecution shows that: (1) two weeks before the death she searched for a specific species of",768ff9991fd5123196b63dacf15893e14f650fb2f8875d19f0c6099523db6489,1812.3904086999985,15c37bc20edced443b1474f0798e9b9b44033d9fcd8ddb515a76eba3f5a4d918
38,Daisy witnessed a murder in her prison and is called by the prosecution to give evidence. Is she a “prison informer”?,1,Daisy is a prison informer.,768ff9991fd5123196b63dacf15893e14f650fb2f8875d19f0c6099523db6489,1812.3904086999985,15c37bc20edced443b1474f0798e9b9b44033d9fcd8ddb515a76eba3f5a4d918
39,"Emma is committed for trial on 1 March. On 25 March, she first tells her lawyer she was at a movie with her sister at the time of the alleged offence and wants both to give evidence, but no notice has been filed. What procedural step is required before Emma, or her sister can give evidence that she was at the movie rather than at the scene of the offence?",1,"Emma is committed for trial on 1 March. On 25 March, she first tells her lawyer she was at a movie with her sister at the time of",768ff9991fd5123196b63dacf15893e14f650fb2f8875d19f0c6099523db6489,1812.3904086999985,15c37bc20edced443b1474f0798e9b9b44033d9fcd8ddb515a76eba3f5a4d918
40,"Alex is charged with a robbery at a shopping centre at 8:15 pm. He leads evidence that he was having dinner with friends at a restaurant across town at that time, and the jury thinks there is a real chance this is true. Ignoring the standard elements of robbery, what more needs to be proven to establish Alex’s guilt?",1,Alex is charged with a robbery at a shopping centre at 8:15 pm. He leads evidence that he was having dinner with friends,768ff9991fd5123196b63dacf15893e14f650fb2f8875d19f0c6099523db6489,1812.3904086999985,15c37bc20edced443b1474f0798e9b9b44033d9fcd8ddb515a76eba3f5a4d918
41,"Liam and Noah plan to break into a warehouse to steal electronics. Liam agrees to act as the lookout while Noah goes inside; during the burglary, Noah violently assaults a security guard. Liam is later charged as a secondary party to the assault. Under Victorian law, on what basis could Liam be found “involved in the commission” of the assault, even though he only agreed to help with the burglary?",1,Liam is charged as a secondary party to the assault.,768ff9991fd5123196b63dacf15893e14f650fb2f8875d19f0c6099523db6489,1812.3904086999985,15c37bc20edced443b1474f0798e9b9b44033d9fcd8ddb515a76eba3f5a4d918
42,"Courtney and Tom agree to sell what they think is a harmless “party pill” to strangers at a music festival. The pills are in fact a controlled drug, and the conduct clearly amounts to a criminal offence. For Courtney to be liable on the basis of this agreement, must the prosecution prove that she knew the substance was illegal?",1,Courtney and Tom agree to sell what they think is a harmless “party pill” to strangers at a music festival. The pills are in fact,768ff9991fd5123196b63dacf15893e14f650fb2f8875d19f0c6099523db6489,1812.3904086999985,15c37bc20edced443b1474f0798e9b9b44033d9fcd8ddb515a76eba3f5a4d918
43,"Noah convinces his 12-year-old nephew to deliver a sealed package to an address, telling him it contains “books for a friend,” when in fact Noah has filled the package with prohibited drugs. The nephew has no idea what is inside and believes he’s doing a harmless favour. If police intercept the drugs, can Noah be liable as a principal offender for drug trafficking?",1,The Victorian Criminal-Law Guide states that a person who is a principal offender for drug trafficking must be a convicted drug dealer.,768ff9991fd5123196b63dacf15893e14f650fb2f8875d19f0c6099523db6489,1812.3904086999985,15c37bc20edced443b1474f0798e9b9b44033d9fcd8ddb515a76eba3f5a4d918
44,"Jordan is a factory worker; Mia is his supervisor. They’re both charged with a Commonwealth conspiracy to commit an offence that requires an employer to ensure the safety of employees at a hazardous worksite. Two company directors, alleged to be the other parties to the agreement, have already been acquitted of the conspiracy. In these circumstances, can Jordan be found guilty of the conspiracy?",1,Jordan is a factory worker; Mia is his supervisor. They’re both charged with a Commonwealth conspiracy to commit an offence that requires an employer,768ff9991fd5123196b63dacf15893e14f650fb2f8875d19f0c6099523db6489,1812.3904086999985,15c37bc20edced443b1474f0798e9b9b44033d9fcd8ddb515a76eba3f5a4d918
45,"Clyde, who has schizophrenia, assaults a stranger while experiencing delusions. He knows he is hitting a person but believes they are a “demon.” Does his mental illness, or his failure to appreciate the wrongfulness of his conduct, necessarily make his act involuntary?",1,"Clyde has schizophrenia, which means he has mental illness. The mental illness is a condition in which the person is not mentally ill. The",768ff9991fd5123196b63dacf15893e14f650fb2f8875d19f0c6099523db6489,1812.3904086999985,15c37bc20edced443b1474f0798e9b9b44033d9fcd8ddb515a76eba3f5a4d918
46,"Jonah is driving when he suddenly suffers an unexpected convulsion, causing his leg to slam down on the accelerator and his car to mount the curb and hit a pedestrian. If the only cause of the collision was this sudden bodily movement during the convulsion, how should a court characterise his physical act for the purpose of criminal liability?",1,"Jonah is driving when he suddenly suffers an unexpected convulsion, causing his leg to slam down on the accelerator and his car",768ff9991fd5123196b63dacf15893e14f650fb2f8875d19f0c6099523db6489,1812.3904086999985,15c37bc20edced443b1474f0798e9b9b44033d9fcd8ddb515a76eba3f5a4d918
47,"At Andrew’s assault trial, there is no suggestion he was unconscious, seizing, or sleepwalking; all the evidence shows him standing, speaking, and then punching the complainant. Does the prosecution need specific evidence that the punch was voluntary, or can voluntariness be inferred from these circumstances?",1,"Andrew’s assault trial has no suggestion that he was unconscious, seizing, or sleepwalking; all the evidence shows him standing, speaking, and",768ff9991fd5123196b63dacf15893e14f650fb2f8875d19f0c6099523db6489,1812.3904086999985,15c37bc20edced443b1474f0798e9b9b44033d9fcd8ddb515a76eba3f5a4d918
48,"Jacob sets off powerful fireworks in a small, crowded backyard. He later admits he knew people could get hurt but did it anyway. In Victoria, what level of criminal culpability best describes his conduct?",1,"Jacob sets off powerful fireworks in a small, crowded backyard. He later admits he knew people could get hurt but did it anyway. In Victoria",768ff9991fd5123196b63dacf15893e14f650fb2f8875d19f0c6099523db6489,1812.3904086999985,15c37bc20edced443b1474f0798e9b9b44033d9fcd8ddb515a76eba3f5a4d918
49,"Liam throws a heavy brick off a freeway overpass into peak-hour traffic. He later tells police, “I knew it might hit a car, but I didn’t really think much more about it.” At trial, the prosecution tells the jury that recklessness is established if Liam knew the brick “might” cause harm. Why is this an incorrect statement of the legal test for recklessness in Victoria?",1,Liam knew the brick “might” cause harm.,768ff9991fd5123196b63dacf15893e14f650fb2f8875d19f0c6099523db6489,1812.3904086999985,15c37bc20edced443b1474f0798e9b9b44033d9fcd8ddb515a76eba3f5a4d918
50,Abigail is on trial in Victoria for causing serious injury. She argues that the injury was “an accident” because she pushed a door open without looking and it unexpectedly hit someone on the other side. Can Abigail rely on a standalone defence of “accident” in Victoria?,1,Abigail is on trial in Victoria for causing serious injury. She argues that the injury was “an accident” because she pushed a door,768ff9991fd5123196b63dacf15893e14f650fb2f8875d19f0c6099523db6489,1812.3904086999985,15c37bc20edced443b1474f0798e9b9b44033d9fcd8ddb515a76eba3f5a4d918
51,"Ethan punches Marcus once in the head during an argument. Marcus falls, hits his head on the gutter, and dies in hospital two days later. At trial, Ethan admits to killing Marcus by punching him. What elements must still be proved for Ethan to be convicted of murder?",1,The defendant must prove that he is the victim of a crime.,768ff9991fd5123196b63dacf15893e14f650fb2f8875d19f0c6099523db6489,1812.3904086999985,15c37bc20edced443b1474f0798e9b9b44033d9fcd8ddb515a76eba3f5a4d918
52,"Ethan admits he voluntarily and intentionally killed Marcus, a German Shepherd, without lawful justification. Name ONE element of murder that is missing here.",1,"Ethan admits he voluntarily and intentionally killed Marcus, a German Shepherd, without lawful justification.",768ff9991fd5123196b63dacf15893e14f650fb2f8875d19f0c6099523db6489,1812.3904086999985,15c37bc20edced443b1474f0798e9b9b44033d9fcd8ddb515a76eba3f5a4d918
53,"Ethan, a sane 24-year-old, intentionally killed Marcus, a child, without lawful justification, and the jury accepts this beyond reasonable doubt. Under Victorian law, how could this still not amount to manslaughter or murder?",1,The Victorian criminal-law guide states that a person who intentionally kills a child is guilty of manslaughter.,768ff9991fd5123196b63dacf15893e14f650fb2f8875d19f0c6099523db6489,1812.3904086999985,15c37bc20edced443b1474f0798e9b9b44033d9fcd8ddb515a76eba3f5a4d918
54,"Harper, a New South Wales resident, shoots Riley in Sydney. Riley is stabilised in an NSW hospital, then transferred to a specialist trauma unit in Melbourne, where complications arise during surgery and he dies 10 days after the shooting. Can Harper be tried in a Victorian court?",1,Harper is a New South Wales resident who lives in Sydney. He is convicted of murdering Riley in Sydney and is sentenced to life in prison.,768ff9991fd5123196b63dacf15893e14f650fb2f8875d19f0c6099523db6489,1812.3904086999985,15c37bc20edced443b1474f0798e9b9b44033d9fcd8ddb515a76eba3f5a4d918
55,"Mila fires a gun recklessly into a crowded apartment block corridor, committing the offence of reckless conduct endangering life. One of the bullets kills Jonah. The prosecution seeks to invoke statutory murder. On what basis could this reckless conduct offence be treated as a foundational offence?",1,"The criminal-law guide referred to the rule of law as the ""reckless conduct"" rule.",768ff9991fd5123196b63dacf15893e14f650fb2f8875d19f0c6099523db6489,1812.3904086999985,15c37bc20edced443b1474f0798e9b9b44033d9fcd8ddb515a76eba3f5a4d918
56,"During an argument outside a bar in 2016, Taylor swings once at Jordan’s jaw; Jordan falls backwards, hits their head on the curb and dies from the head injury. For manslaughter by an unlawful and dangerous act, which element of the offence does Crimes Act 1958 s 4A(4) help the jury assess?",1,The crime of manslaughter by an unlawful and dangerous act is a crime punishable by death.,768ff9991fd5123196b63dacf15893e14f650fb2f8875d19f0c6099523db6489,1812.3904086999985,15c37bc20edced443b1474f0798e9b9b44033d9fcd8ddb515a76eba3f5a4d918
57,"The accused admits he did not actually think death or really serious injury was likely, but the jury is sure that any reasonable person in his position would have realised they were exposing the victim to an appreciable risk of serious injury. If both reckless murder and manslaughter are left, which verdict does this state of mind support?",1,The jury is sure that any reasonable person in his position would have realized they were exposing the victim to an appreciable risk of serious injury.,768ff9991fd5123196b63dacf15893e14f650fb2f8875d19f0c6099523db6489,1812.3904086999985,15c37bc20edced443b1474f0798e9b9b44033d9fcd8ddb515a76eba3f5a4d918
58,"In 2010, Amir and Bella agree to “rough up” a debtor by slapping him around and threatening him, but nothing more. During the confrontation, Bella unexpectedly pulls a knife and fatally stabs the debtor. Amir is charged with manslaughter as a secondary party. If the prosecution relies on the doctrine that extends liability beyond the agreed lesser assault, what must they prove about Amir’s foresight of Bella’s escalation?",1,Amir is charged with manslaughter as a secondary party.,768ff9991fd5123196b63dacf15893e14f650fb2f8875d19f0c6099523db6489,1812.3904086999985,15c37bc20edced443b1474f0798e9b9b44033d9fcd8ddb515a76eba3f5a4d918
59,"A person is sitting in the back seat of a moving taxi when the taxi strikes a pedestrian at a crossing, killing them instantly. The prosecution later alleges that this rear-seat passenger is guilty of culpable driving causing death because he was driving a motor vehicle at the time of the collision. Is this a sound argument?",1,"A person sitting in the back seat of a moving taxi when the taxi strikes a pedestrian at a crossing, killing them instantly. The prosecution later alle",768ff9991fd5123196b63dacf15893e14f650fb2f8875d19f0c6099523db6489,1812.3904086999985,15c37bc20edced443b1474f0798e9b9b44033d9fcd8ddb515a76eba3f5a4d918
60,"In a culpable driving causing death trial, the prosecution tells the jury: “You cannot find the accused guilty unless you are sure he actually realised his driving fell well below that of an ordinary careful driver; if he was simply unaware of the danger, you must acquit.” Is this an accurate statement of the law?",1,"The law states that if the accused is guilty of a crime, he must be found guilty of the crime.",768ff9991fd5123196b63dacf15893e14f650fb2f8875d19f0c6099523db6489,1812.3904086999985,15c37bc20edced443b1474f0798e9b9b44033d9fcd8ddb515a76eba3f5a4d918
61,Two friends agree to race their cars along a suburban street. One driver loses control and fatally hits a cyclist; the other does not crash. On what general basis could the second driver still be held responsible for the death?,1,The second driver must be liable for the death of the cyclist if he loses control and does not crash.,768ff9991fd5123196b63dacf15893e14f650fb2f8875d19f0c6099523db6489,1812.3904086999985,15c37bc20edced443b1474f0798e9b9b44033d9fcd8ddb515a76eba3f5a4d918
62,"While driving late at night, Jerry fails to see a cyclist and runs him over, killing him instantly. Jerry was not drunk, reckless or negligent. Why does it matter to the prosecution that Jerry knew his headlights were broken before driving?",1,"Jerry was not drunk, reckless or negligent.",768ff9991fd5123196b63dacf15893e14f650fb2f8875d19f0c6099523db6489,1812.3904086999985,15c37bc20edced443b1474f0798e9b9b44033d9fcd8ddb515a76eba3f5a4d918
63,"Asha is Ben’s manager at work. One evening they both freely and voluntarily have sex. Two days after the act, Asha regrets her decision. Does this mean Asha's consent was violated?",1,Asha's consent was violated by having sex with Ben.,768ff9991fd5123196b63dacf15893e14f650fb2f8875d19f0c6099523db6489,1812.3904086999985,15c37bc20edced443b1474f0798e9b9b44033d9fcd8ddb515a76eba3f5a4d918
64,"Jones is on trial for an unnamed sexual offence. He says that, in his culture, silence or lack of resistance means agreement. In light of this explanation, what specific issue about Jones awareness must the jury determine when deciding his guilt?",1,"Jones is on trial for an unnamed sexual offence. He says that, in his culture, silence or lack of resistance means agreement. In light of",768ff9991fd5123196b63dacf15893e14f650fb2f8875d19f0c6099523db6489,1812.3904086999985,15c37bc20edced443b1474f0798e9b9b44033d9fcd8ddb515a76eba3f5a4d918
65,"Jones is on trial for an unnamed sexual offence. He says that, in his culture, silence or lack of resistance means agreement. Must the jury learn more about this culture to decide whether he reasonably believed there was consent?",1,"Jones is on trial for an unnamed sexual offence. He says that, in his culture, silence or lack of resistance means agreement. Must the jury",768ff9991fd5123196b63dacf15893e14f650fb2f8875d19f0c6099523db6489,1812.3904086999985,15c37bc20edced443b1474f0798e9b9b44033d9fcd8ddb515a76eba3f5a4d918
66,"After an alleged sexual assault, Liam goes straight to his sister’s apartment and, sobbing and struggling to speak, tells her what happened. At trial, the prosecution calls his sister to describe his emotional state when he reported it. Why might Liam’s behaviour at that time be important evidence against the accused?",1,Liam’s behaviour at that time might be important evidence against the accused because he is a child.,768ff9991fd5123196b63dacf15893e14f650fb2f8875d19f0c6099523db6489,1812.3904086999985,15c37bc20edced443b1474f0798e9b9b44033d9fcd8ddb515a76eba3f5a4d918
67,"At trial, the complainant describes an alleged sexual assault in a completely flat tone, without visible emotion. Some jurors think this means she is “probably lying.” Is this a valid assumption?",1,"The complainant describes an alleged sexual assault in a completely flat tone, without visible emotion. The complainante is not necessarily lying.",768ff9991fd5123196b63dacf15893e14f650fb2f8875d19f0c6099523db6489,1812.3904086999985,15c37bc20edced443b1474f0798e9b9b44033d9fcd8ddb515a76eba3f5a4d918
68,"Assume the year is 2012. Why is it problematic for a judge to direct the jury that the prosecution must prove the accused “intended to commit rape in the sense that, at the time of penetration, he knew the complainant was not or might not be consenting”?",1,The court must be able to establish that the accused intended to commit rape in the sense that he knew the complainant was not or might not,768ff9991fd5123196b63dacf15893e14f650fb2f8875d19f0c6099523db6489,1812.3904086999985,15c37bc20edced443b1474f0798e9b9b44033d9fcd8ddb515a76eba3f5a4d918
69,"The prosecution alleges that the accused forced the complainant to put his own penis into his own mouth. Under the current statutory definition, does this amount to sexual penetration of oneself?",1,"The prosecution alleges that the accused forced the complainant to put his own penis into his own mouth. Under the current statutory definition, does this amount",768ff9991fd5123196b63dacf15893e14f650fb2f8875d19f0c6099523db6489,1812.3904086999985,15c37bc20edced443b1474f0798e9b9b44033d9fcd8ddb515a76eba3f5a4d918
70,"In 2016, person A instructs person C to insert person C’s finger into person B’s mouth. Under the definition of “sexual penetration” in s 37D of the Crimes Act 1958, why does this not amount to person A sexually penetrating person B?",1,The crime of sexual penetration is defined as a sexual act that involves the penetration of a person’s mouth.,768ff9991fd5123196b63dacf15893e14f650fb2f8875d19f0c6099523db6489,1812.3904086999985,15c37bc20edced443b1474f0798e9b9b44033d9fcd8ddb515a76eba3f5a4d918
71,"In 2016, person A instructs person C to insert person C’s penis into person B’s mouth. Under the definition of “sexual penetration” in s 37D of the Crimes Act 1958, why does this amount to person A sexually penetrating person B?",1,The act of insertion of person C’s penis into person B’s mouth is a sexual act.,768ff9991fd5123196b63dacf15893e14f650fb2f8875d19f0c6099523db6489,1812.3904086999985,15c37bc20edced443b1474f0798e9b9b44033d9fcd8ddb515a76eba3f5a4d918
72,"Under Victorian law, can a person assigned male at birth be sexually penetrated somewhere other than the anus or mouth?",1,The Victorian Criminal-Law Guide states that a person assigned male at birth can be sexually penetrated somewhere other than the anus or mouth.,768ff9991fd5123196b63dacf15893e14f650fb2f8875d19f0c6099523db6489,1812.3904086999985,15c37bc20edced443b1474f0798e9b9b44033d9fcd8ddb515a76eba3f5a4d918
73,"On a crowded tram, Caleb briefly brushes Rina’s hand while reaching for a pole; later he privately admits he finds her attractive and had a sexual interest in her. On these grounds alone, is Caleb’s private sexual interest enough to make that brief hand contact “sexual touching”?",1,Caleb is a person who has a sexual interest in Rina.,768ff9991fd5123196b63dacf15893e14f650fb2f8875d19f0c6099523db6489,1812.3904086999985,15c37bc20edced443b1474f0798e9b9b44033d9fcd8ddb515a76eba3f5a4d918
74,"Assume the year is 2011. Nina is sexually aroused by feet and secretly attracted to her colleague Caleb. During a meeting, she slowly removes his shoe under the table, later admitting she did so purely for her own sexual gratification. Does her sexual motive alone make the removal of Caleb’s shoe an indecent assault?",1,Nina is a woman who is sexually aroused by feet and secretly attracted to her colleague Caleb. Nina removes Cal,768ff9991fd5123196b63dacf15893e14f650fb2f8875d19f0c6099523db6489,1812.3904086999985,15c37bc20edced443b1474f0798e9b9b44033d9fcd8ddb515a76eba3f5a4d918
75,"During an argument, Imogen swings her fist at Sara but stops just short. Sara flinches and braces for impact, but later says she “wasn’t actually scared.” Why doesn’t Sara’s claim that she wasn’t afraid stop Imogen’s conduct from amounting to assault?",1,Imogen’s actions are not a crime.,768ff9991fd5123196b63dacf15893e14f650fb2f8875d19f0c6099523db6489,1812.3904086999985,15c37bc20edced443b1474f0798e9b9b44033d9fcd8ddb515a76eba3f5a4d918
76,“I’m not from law enforcement and I’m going to illegally kill you in the next couple of years or so” does not amount to assault because which element of the offence is missing?,1,The offence is not a crime of murder.,768ff9991fd5123196b63dacf15893e14f650fb2f8875d19f0c6099523db6489,1812.3904086999985,15c37bc20edced443b1474f0798e9b9b44033d9fcd8ddb515a76eba3f5a4d918
77,"Mia receives several late-night calls from Noah. Each time she answers, he says nothing. Knowing his violent history, she believes he is outside about to attack. What is the citation of the common law case that held this conduct can amount to assault?",1,Mia believes Noah is outside about to attack.,768ff9991fd5123196b63dacf15893e14f650fb2f8875d19f0c6099523db6489,1812.3904086999985,15c37bc20edced443b1474f0798e9b9b44033d9fcd8ddb515a76eba3f5a4d918
78,"Assault' is defined to mean the direct or indirect application of force to the body of, or to the clothing or equipment worn by, a person. “Application of force” is defined to include the application of heat, light, electric current or any other form of energy, as well as the application of matter in solid, liquid or gaseous form. For the purposes of Victorian criminal law as it pertains to assault, which statute establishes the meaning of a police officer?",1,"Assault' is defined to mean the direct or indirect application of force to the body of, or to the clothing or equipment worn by, a person",768ff9991fd5123196b63dacf15893e14f650fb2f8875d19f0c6099523db6489,1812.3904086999985,15c37bc20edced443b1474f0798e9b9b44033d9fcd8ddb515a76eba3f5a4d918
79,"Officer Harper stops Liam on the street, says, “I’m just curious if you’ve got anything on you,” and, without any lawful basis, searches his pockets and finds drugs. Liam resists and accidentally strikes Harper during the unlawful search. In these circumstances, is Harper acting “in the execution of her duty” at the time of the alleged assault?",1,Liam resists and accidentally strikes Harper during the unlawful search.,768ff9991fd5123196b63dacf15893e14f650fb2f8875d19f0c6099523db6489,1812.3904086999985,15c37bc20edced443b1474f0798e9b9b44033d9fcd8ddb515a76eba3f5a4d918
80,"As officers move in to arrest Malik outside a bar, his friend Tia sees them coming and yells, “Run, they’re about to grab you!” intending to help him escape. What key fact about the effect of Tia’s warning must be proved in order to charge her with obstruction?",1,Tia’s warning must be proved in order to charge her with obstruction.,768ff9991fd5123196b63dacf15893e14f650fb2f8875d19f0c6099523db6489,1812.3904086999985,15c37bc20edced443b1474f0798e9b9b44033d9fcd8ddb515a76eba3f5a4d918
81,Which Victorian statute amended the Crimes Act 1958 to cover stalking over the internet?,1,The Crimes Act 1958 was a law relating to stalking.,768ff9991fd5123196b63dacf15893e14f650fb2f8875d19f0c6099523db6489,1812.3904086999985,15c37bc20edced443b1474f0798e9b9b44033d9fcd8ddb515a76eba3f5a4d918
82,"What are the elements of carjacking? Actually, I can answer that question for you. The offence has the following three elements: (i) The accused stole a vehicle; (ii) Immediately before or at the time of the theft, the accused: (a) Used force on any person; or (b) Put any person in fear that s/he or another person would, then and there, be subject to the use of force; or (c) Sought to put any person in fear that s/he or another person would, then and there, be subject to the use of force; and (iii) The accused did so in order to commit the theft (Crimes Act 1958 s 79(1)). Answer only this question: In a large shopping centre, Soraya stands in one spot near the central atrium all afternoon, turning only her head and eyes to keep Felix in view as he walks between different levels and stores. She never changes her physical position. On these facts, does Soraya follow Felix?",1,The offence has the following three elements: (i) The accused stole a vehicle; (ii) Immediately before or at the time of the,768ff9991fd5123196b63dacf15893e14f650fb2f8875d19f0c6099523db6489,1812.3904086999985,15c37bc20edced443b1474f0798e9b9b44033d9fcd8ddb515a76eba3f5a4d918
83,"Angry at Leo, Martina repeatedly dumps dead flowers and threatening notes on his doorstep and also tags him in public posts accusing him of crimes, hoping his employer will see them. Which two separate stalking acts in statutes best capture this pattern? The following information is irrelevant to answering the question: In 2013, Leo was convicted of “manslaughter by unlawful and dangerous act.” During the trial, a jury member asked the judge the following question: “Under Victorian law, what is the first element of an unlawful and dangerous act causing death and what does it entail? And also, what are the other elements to this offence? And how is it different to negligent manslaughter?”",1,The first element of an unlawful and dangerous act causing death is the presence of a dead flower or threatening note. The second element of the act is,768ff9991fd5123196b63dacf15893e14f650fb2f8875d19f0c6099523db6489,1812.3904086999985,15c37bc20edced443b1474f0798e9b9b44033d9fcd8ddb515a76eba3f5a4d918
84,"Mary is Rafa’s mother. Twelve-year-old Rafa has been especially naughty this week: on Monday he threw water on his brother Gregory, and on Tuesday he stole his sister’s watch. On Wednesday, as punishment, Mary confines Rafa to his room for an hour. What are the citations of the cases suggesting that Mary’s treatment of Rafa is lawful? As an aside, let's talk about Mary’s childhood. When Mary was younger, she was part of a violent gang. She would roam the streets carrying a cricket bat, and when elderly women walked past, Mary would swing the bat towards them, never actually hitting them but bringing it close enough to make them believe they were about to be struck. One day, Mary was caught by the police. She was charged with assault not involving the application of force but was never convicted because the prosecution couldn’t prove the first element of the offence.",1,Mary is Rafa’s mother.,768ff9991fd5123196b63dacf15893e14f650fb2f8875d19f0c6099523db6489,1812.3904086999985,15c37bc20edced443b1474f0798e9b9b44033d9fcd8ddb515a76eba3f5a4d918
85,"After an argument at home, 15-year-old Felix storms out and gets into the car of his aunt, Rosa, who takes him to stay at her house. Rosa used no trickery or threats, but she knows Felix’s parents want him back and tells him, “You can stay here as long as you like.” On these facts, is Rosa’s conduct closer to taking a child or harbouring a child under the Victorian law?",1,Rosa’s behaviour is a direct result of her actions.,768ff9991fd5123196b63dacf15893e14f650fb2f8875d19f0c6099523db6489,1812.3904086999985,15c37bc20edced443b1474f0798e9b9b44033d9fcd8ddb515a76eba3f5a4d918
86,"A 13-year-old, Hamish, orders a rideshare to a friend’s house after a fight with his parents. The driver, Zoe, picks him up outside his home, asks “Are your parents okay with you going?”, gets a vague shrug, but offers no encouragement and simply follows the entered destination. On these facts, has Zoe taken Hamish away?",1,The driver must be a person of the age of 13 and must be at least 18 years old.,768ff9991fd5123196b63dacf15893e14f650fb2f8875d19f0c6099523db6489,1812.3904086999985,15c37bc20edced443b1474f0798e9b9b44033d9fcd8ddb515a76eba3f5a4d918
87,"During a gig, Luca quietly picks up someone else’s guitar, uses it for his set, then returns it to exactly the same spot before the owner notices. He always planned to put it back. On these facts alone, has Luca formed the mental element for theft?",1,The act of stealing is a crime punishable by imprisonment for life and a fine of up to £100.,768ff9991fd5123196b63dacf15893e14f650fb2f8875d19f0c6099523db6489,1812.3904086999985,15c37bc20edced443b1474f0798e9b9b44033d9fcd8ddb515a76eba3f5a4d918
88,How does the definition of “dishonesty” under Commonwealth law differ from that used in Victorian law?,1,The Victorian law defines “dishonesty” as a violation of the Commonwealth’s right to privacy.,768ff9991fd5123196b63dacf15893e14f650fb2f8875d19f0c6099523db6489,1812.3904086999985,15c37bc20edced443b1474f0798e9b9b44033d9fcd8ddb515a76eba3f5a4d918
89,What is a good?,1,A good legal guide is a guide to the laws of a country.,768ff9991fd5123196b63dacf15893e14f650fb2f8875d19f0c6099523db6489,1812.3904086999985,15c37bc20edced443b1474f0798e9b9b44033d9fcd8ddb515a76eba3f5a4d918
90,"Kai forces the owner of a vacant farm to leave, then lives there rent-free for six months, locking everyone else out of the gate and using it as his own space. For the purposes of handling stolen goods, does Kai’s wrongful occupation turn the land itself into “stolen goods”?",1,The land must be occupied for the purposes of handling stolen goods.,768ff9991fd5123196b63dacf15893e14f650fb2f8875d19f0c6099523db6489,1812.3904086999985,15c37bc20edced443b1474f0798e9b9b44033d9fcd8ddb515a76eba3f5a4d918
91,Carmen submits a valuation certificate for 500 crates of “premium truffles” that don’t exist and uses it to support a finance application. Which case has been treated as authority that a valuation of non-existent goods is fraudulent in this way?,1,Carmen submits a valuation certificate for 500 crates of “premium truffles” that don’t exist and uses it to support a,768ff9991fd5123196b63dacf15893e14f650fb2f8875d19f0c6099523db6489,1812.3904086999985,15c37bc20edced443b1474f0798e9b9b44033d9fcd8ddb515a76eba3f5a4d918
92,"One element of theft is an intention to permanently deprive the owner of property. Nicholas threatens to smash his neighbour’s car unless she pays him $500 “for the damage you did last year,” an amount she genuinely owes. He intends to keep the $500 permanently but makes no claim over any other property. On these facts, which offence does his state of mind more clearly support – theft or blackmail – and why?",1,The Victorian Criminal-Law Guide states that a person who commits a crime is entitled to a fair trial.,768ff9991fd5123196b63dacf15893e14f650fb2f8875d19f0c6099523db6489,1812.3904086999985,15c37bc20edced443b1474f0798e9b9b44033d9fcd8ddb515a76eba3f5a4d918
93,"Rafi, a former executive of a publicly traded company, phones the current CEO and says, “Transfer $1 million to my account or I’ll leak information that will seriously damage your company's valuation.” Years earlier, Rafi was convicted of assault not involving force. Under Victorian law, what technical label best fits this kind of threat, and which reported case in your materials is cited as authority for treating market-damage threats in this way?",1,Rafi was convicted of assault not involving force.,768ff9991fd5123196b63dacf15893e14f650fb2f8875d19f0c6099523db6489,1812.3904086999985,15c37bc20edced443b1474f0798e9b9b44033d9fcd8ddb515a76eba3f5a4d918
94,"Josh deliberately and dishonestly destroys physical bank documents that record a loan he still owes, hoping to improve his own financial position. Which specific offence best captures Josh's conduct?",1,"Josh deliberately and dishonestly destroys physical bank documents that record a loan he still owes, hoping to improve his own financial position",768ff9991fd5123196b63dacf15893e14f650fb2f8875d19f0c6099523db6489,1812.3904086999985,15c37bc20edced443b1474f0798e9b9b44033d9fcd8ddb515a76eba3f5a4d918
95,"Marco transfers cryptocurrency through multiple wallets to make it harder to trace, fully aware it came from a fraud scheme. Under the Victorian “dealing with proceeds of crime” offences, which physical element is clearly satisfied by his conduct, and which highest mental state could be charged on these facts?",1,"Marco transfers cryptocurrency through multiple wallets to make it harder to trace, fully aware it came from a fraud scheme. Under the Victorian “dealing with proceeds",768ff9991fd5123196b63dacf15893e14f650fb2f8875d19f0c6099523db6489,1812.3904086999985,15c37bc20edced443b1474f0798e9b9b44033d9fcd8ddb515a76eba3f5a4d918
96,"Smith is a dealer, and so is his friend Walter. After some haggling, they agree to swap a quantity of Smith’s cocaine for Walter’s ice. Which case is specifically cited to show that this type of deal amounts to trafficking?",1,"Smith is a dealer, and so is his friend Walter. After some haggling, they agree to swap a quantity of Smith’s cocaine for Walter",768ff9991fd5123196b63dacf15893e14f650fb2f8875d19f0c6099523db6489,1812.3904086999985,15c37bc20edced443b1474f0798e9b9b44033d9fcd8ddb515a76eba3f5a4d918
97,"Over six months, Minh alternates between weeks of intense dealing and long quiet stretches with no proven activity. The transactions involve different drugs, buyers and locations, but all are commercial. The indictment alleges he “trafficked” by carrying on a business over that whole period. What must the jury be satisfied of, given the patchy pattern of conduct?",1,Minh has a history of dealing drugs and is a drug dealer.,768ff9991fd5123196b63dacf15893e14f650fb2f8875d19f0c6099523db6489,1812.3904086999985,15c37bc20edced443b1474f0798e9b9b44033d9fcd8ddb515a76eba3f5a4d918
98,"“The salt of the abovementioned drugs, derivates and _______” Which word goes in the blank and which act does this phrase belong to?",1,"The salt of the abovementioned drugs, derivates and _",768ff9991fd5123196b63dacf15893e14f650fb2f8875d19f0c6099523db6489,1812.3904086999985,15c37bc20edced443b1474f0798e9b9b44033d9fcd8ddb515a76eba3f5a4d918
99,"After a grave insult, Jordan cools off for several hours, then calmly returns and kills. Which state of mind required for provocation is missing on these facts, and what is the technical term for it?",1,The state of mind required for provocation is not a state of being.,768ff9991fd5123196b63dacf15893e14f650fb2f8875d19f0c6099523db6489,1812.3904086999985,15c37bc20edced443b1474f0798e9b9b44033d9fcd8ddb515a76eba3f5a4d918
100,"“There was an agreement between the accused and the deceased to seek the _____ of all parties to the agreement.” What is the missing word, and where is this specific phrase used?",1,The court may order the accused to seek the _____ of all parties to the agreement.,768ff9991fd5123196b63dacf15893e14f650fb2f8875d19f0c6099523db6489,1812.3904086999985,15c37bc20edced443b1474f0798e9b9b44033d9fcd8ddb515a76eba3f5a4d918
1,"Bob and Ted are close friends. Ted is on trial for drug offences, and Bob has been selected as a juror in Ted’s case. Is the judge required to excuse Bob from serving on the jury?",2,Bob has been selected as a juror in Ted’s case. The judge must excuse Bob from serving on the jury.,768ff9991fd5123196b63dacf15893e14f650fb2f8875d19f0c6099523db6489,1812.3904086999985,15c37bc20edced443b1474f0798e9b9b44033d9fcd8ddb515a76eba3f5a4d918
2,"Harry is serving as a juror in a burglary trial. He is also a professional locksmith. During the proceedings, Harry is shown a lock which, in his expert view, is too damaged to have been lockpicked in the manner described in court. Why might Harry's expert knowledge of lockpicking be irrelevant when assessing the physical evidence?",2,"Harry is serving as a juror in a burglary trial. He is also a professional locksmith. During the proceedings, Harry is shown ",768ff9991fd5123196b63dacf15893e14f650fb2f8875d19f0c6099523db6489,1812.3904086999985,15c37bc20edced443b1474f0798e9b9b44033d9fcd8ddb515a76eba3f5a4d918
3,"Isaac is on trial for statutory murder of an emergency worker. You are his barrister. Should you notify the jury that, according to the Crimes Act 1958, the standard sentence for this offence is 30 years imprisonment?",2,The standard sentence for this offence is 30 years imprisonment.,768ff9991fd5123196b63dacf15893e14f650fb2f8875d19f0c6099523db6489,1812.3904086999985,15c37bc20edced443b1474f0798e9b9b44033d9fcd8ddb515a76eba3f5a4d918
4,Should jurors be excused if they have encountered news stories about the accused prior to the trial commencing?,2,The jury must be informed of the circumstances surrounding the accused's arrest and conviction.,768ff9991fd5123196b63dacf15893e14f650fb2f8875d19f0c6099523db6489,1812.3904086999985,15c37bc20edced443b1474f0798e9b9b44033d9fcd8ddb515a76eba3f5a4d918
5,"Frank and Joe are jurors in an arson trial. Over the weekend, Joe finds photos of the accused holding a petrol canister and texts them to Frank. Having received this new information, what should Frank do?",2,"Joe finds photos of the accused holding a petrol canister and texts them to Frank. Having received this new information, Frank should do nothing.",768ff9991fd5123196b63dacf15893e14f650fb2f8875d19f0c6099523db6489,1812.3904086999985,15c37bc20edced443b1474f0798e9b9b44033d9fcd8ddb515a76eba3f5a4d918
6,Does the standard of proof of “beyond reasonable doubt” imply that the jury must be fully convinced of every claim the prosecution has made?,2,The standard of proof of “beyond reasonable doubt” imply that the jury must be fully convinced of every claim the prosecution has made.,768ff9991fd5123196b63dacf15893e14f650fb2f8875d19f0c6099523db6489,1812.3904086999985,15c37bc20edced443b1474f0798e9b9b44033d9fcd8ddb515a76eba3f5a4d918
7,"Sally is accused of cultivating narcotic plants in her backyard. One of the elements of this charge is that “the accused intentionally cultivated or attempted to cultivate a particular substance.” To establish whether this is the case, the judge believes it would be valuable to visit Sally’s backyard and have the jury examine it for themselves. What is the name of the legal procedure whereby the court travels to a location relevant to the charge?",2,The judge believes it would be valuable to visit Sally’s backyard and have the jury examine it for themselves.,768ff9991fd5123196b63dacf15893e14f650fb2f8875d19f0c6099523db6489,1812.3904086999985,15c37bc20edced443b1474f0798e9b9b44033d9fcd8ddb515a76eba3f5a4d918
8,"Josh is 21 years old. He witnessed a murder that was clearly perpetrated by the accused. The prosecution, however, needs to determine whether the accused committed the acts voluntarily, thus satisfying the elements of intentional or reckless murder. In court, the judge plays a recording of Josh giving his eyewitness testimony. What is this evidentiary process called?",2,"The prosecution, however, needs to determine whether the accused committed the acts voluntarily, thus satisfying the elements of intentional or reckless murder.",768ff9991fd5123196b63dacf15893e14f650fb2f8875d19f0c6099523db6489,1812.3904086999985,15c37bc20edced443b1474f0798e9b9b44033d9fcd8ddb515a76eba3f5a4d918
9,"Olivia illegally bought cannabis from a tobacconist. As she left, she saw a man firebomb the store. She is now a witness in the arson trial. What legal privilege should she consider when giving her evidence?",2,The person who bought cannabis from a tobacconist is not a witness.,768ff9991fd5123196b63dacf15893e14f650fb2f8875d19f0c6099523db6489,1812.3904086999985,15c37bc20edced443b1474f0798e9b9b44033d9fcd8ddb515a76eba3f5a4d918
10,Emma is found in possession of someone else’s phone but has no documentation of how she obtained it. Emma’s counsel argues that possession of the phone is circumstantial evidence and thus completely inadmissible to establish guilt. Is Emma’s counsel correct?,2,Emma’s counsel argues that possession of the phone is circumstantial evidence and thus completely inadmissible to establish guilt.,768ff9991fd5123196b63dacf15893e14f650fb2f8875d19f0c6099523db6489,1812.3904086999985,15c37bc20edced443b1474f0798e9b9b44033d9fcd8ddb515a76eba3f5a4d918
11,"John is on trial for an unnamed offence. John testifies that he could not have committed the offence because he was at an arcade 10 miles away when the offence took place. Earlier, the jury accepted arcade tickets as evidence of John's alibi. John’s counsel now argues that, given this plausible alibi, John could not have committed the crime. What type of reasoning is this an example of?",2,John testifies that he could not have committed the offence because he was at an arcade 10 miles away when the offENCE took place. Earlier,768ff9991fd5123196b63dacf15893e14f650fb2f8875d19f0c6099523db6489,1812.3904086999985,15c37bc20edced443b1474f0798e9b9b44033d9fcd8ddb515a76eba3f5a4d918
12,Does Victoria have a law/laws protecting against double jeopardy?,2,Victoria has a law/laws protecting against double jeopardy.,768ff9991fd5123196b63dacf15893e14f650fb2f8875d19f0c6099523db6489,1812.3904086999985,15c37bc20edced443b1474f0798e9b9b44033d9fcd8ddb515a76eba3f5a4d918
13,"Sophie and Hazel are two of twelve jurors in a trial. Both are uncertain of their verdict, while the remaining ten jurors believe the accused is guilty. The jury is becoming frustrated with Sophie and Hazel's indecision, but the judge instructs the jury to continue deliberating. What is this instruction called?",2,"The jury is becoming frustrated with Sophie and Hazel's indecision, but the judge instructs the jury to continue deliberating.",768ff9991fd5123196b63dacf15893e14f650fb2f8875d19f0c6099523db6489,1812.3904086999985,15c37bc20edced443b1474f0798e9b9b44033d9fcd8ddb515a76eba3f5a4d918
14,"Tim is on trial for aggravated burglary. Before Tim gives evidence, his counsel calls another witness to testify first. Why might this be a bad idea for the defence?",2,"Tim is on trial for aggravated burglary. Before Tim gives evidence, his counsel calls another witness to testify first. Why might this be a",768ff9991fd5123196b63dacf15893e14f650fb2f8875d19f0c6099523db6489,1812.3904086999985,15c37bc20edced443b1474f0798e9b9b44033d9fcd8ddb515a76eba3f5a4d918
15,Paul is 12 years old. He is a witness in a trial related to a common law riot. You are counsel for the accused. Should you argue that Paul’s is fundamentally untrustworthy because of his age?,2,Paul is a witness in a trial related to a common law riot. You are counsel for the accused. Should you argue that Paul’s,768ff9991fd5123196b63dacf15893e14f650fb2f8875d19f0c6099523db6489,1812.3904086999985,15c37bc20edced443b1474f0798e9b9b44033d9fcd8ddb515a76eba3f5a4d918
16,Can the defence use good character evidence to argue the accused is innocent?,2,The defence can use good character evidence to argue the accused is innocent.,768ff9991fd5123196b63dacf15893e14f650fb2f8875d19f0c6099523db6489,1812.3904086999985,15c37bc20edced443b1474f0798e9b9b44033d9fcd8ddb515a76eba3f5a4d918
17,Can the prosecution freely use bad character evidence to argue the accused is guilty?,2,The prosecution can use bad character evidence to argue the accused is guilty.,768ff9991fd5123196b63dacf15893e14f650fb2f8875d19f0c6099523db6489,1812.3904086999985,15c37bc20edced443b1474f0798e9b9b44033d9fcd8ddb515a76eba3f5a4d918
18,"Sam is on trial for murdering her neighbour. The prosecution presents a text from Sam to a friend saying, “I murdered my neighbour today.” What must be established for this text to be treated as an admission?",2,"Sam is on trial for murdering her neighbour. The prosecution presents a text from Sam to a friend saying, “I murdered my neighbour today.” What",768ff9991fd5123196b63dacf15893e14f650fb2f8875d19f0c6099523db6489,1812.3904086999985,15c37bc20edced443b1474f0798e9b9b44033d9fcd8ddb515a76eba3f5a4d918
19,"Omar is charged with intentionally causing serious injury. In a recorded interview, he admits being at the scene and pushing the complainant but denies using a weapon or intending serious harm. At trial, the prosecution asks the jury to accept the incriminating parts of the interview but treat his denial of using a weapon as lies. Does this necessarily involve ‘consciousness of guilt’ reasoning?",2,The court may not consider that the defendant is guilty of causing serious injury.,768ff9991fd5123196b63dacf15893e14f650fb2f8875d19f0c6099523db6489,1812.3904086999985,15c37bc20edced443b1474f0798e9b9b44033d9fcd8ddb515a76eba3f5a4d918
20,"Liam is on trial for arson. His sister gives evidence that, at a family dinner, she said, “The police think you set fire to Dad’s shed. You didn’t do it, did you?” Liam, who had been speaking normally, then went silent and looked down. Can this be used as evidence probative of guilt?",2,"Liam is on trial for arson. His sister gives evidence that, at a family dinner, she said, “The police think you set fire to",768ff9991fd5123196b63dacf15893e14f650fb2f8875d19f0c6099523db6489,1812.3904086999985,15c37bc20edced443b1474f0798e9b9b44033d9fcd8ddb515a76eba3f5a4d918
21,"At Zoe’s assault trial, the prosecution argues that her blank, expressionless stare at photos of the injured complainant indicates guilt. Is this argument sound?",2,"Zoe’s blank, expressionless stare at photos of the injured complainant indicates guilt.",768ff9991fd5123196b63dacf15893e14f650fb2f8875d19f0c6099523db6489,1812.3904086999985,15c37bc20edced443b1474f0798e9b9b44033d9fcd8ddb515a76eba3f5a4d918
22,The defence raises the issue of mental impairment and bears the onus of proving it. There is a psychiatrist who has examined the accused. Is the prosecution required to call this psychiatrist as a witness?,2,The defence raises the issue of mental impairment and bears the onus of proving it. There is a psychiatrist who has examined the accused. I,768ff9991fd5123196b63dacf15893e14f650fb2f8875d19f0c6099523db6489,1812.3904086999985,15c37bc20edced443b1474f0798e9b9b44033d9fcd8ddb515a76eba3f5a4d918
23,"Sarah is tried for armed robbery. She does not give or call any evidence. In closing, the prosecution avoids mentioning her silence directly but repeatedly stresses that “only the prosecution’s account is supported by evidence.” Is this submission by the prosecution permissible?",2,The prosecution does not give or call any evidence. The prosecution is not allowed to use the evidence to justify its actions.,768ff9991fd5123196b63dacf15893e14f650fb2f8875d19f0c6099523db6489,1812.3904086999985,15c37bc20edced443b1474f0798e9b9b44033d9fcd8ddb515a76eba3f5a4d918
24,"In a criminal trial, defence counsel fails to challenge an important part of a prosecution witness’s evidence and later runs a case theory inconsistent with that evidence. The prosecution complains that this has caused unfairness. As the trial judge, how should you decide what to do about it?",2,"In a criminal trial, defence counsel fails to challenge an important part of a prosecution witness’s evidence and later runs a case theory inconsistent with that",768ff9991fd5123196b63dacf15893e14f650fb2f8875d19f0c6099523db6489,1812.3904086999985,15c37bc20edced443b1474f0798e9b9b44033d9fcd8ddb515a76eba3f5a4d918
25,"In an armed robbery trial, a shop assistant who has served the accused every week for years is shown still images from CCTV and says, “Based on how he looks, that’s the same customer who comes into my store.” What type of identification evidence is this an example of?",2,CCTV is a type of identification evidence.,768ff9991fd5123196b63dacf15893e14f650fb2f8875d19f0c6099523db6489,1812.3904086999985,15c37bc20edced443b1474f0798e9b9b44033d9fcd8ddb515a76eba3f5a4d918
26,"One of the elements of aggravated carjacking is the use of a weapon or causing injury to another person (Crimes Act 1958 s 79A). Smith witnesses an aggravated carjacking late at night. He sees the offender wield a weapon but does not get a good look at their face. A year later, he positively identifies the accused, saying he “recognised him immediately from the daytime photo the police showed me last year.” What cognitive bias, about which the jury is educated, may be relevant in this case?",2,"A year later, he positively identifies the accused, saying he “recognised him immediately from the daytime photo the police showed me",768ff9991fd5123196b63dacf15893e14f650fb2f8875d19f0c6099523db6489,1812.3904086999985,15c37bc20edced443b1474f0798e9b9b44033d9fcd8ddb515a76eba3f5a4d918
27,"You are the trial judge in a child stealing case. During the trial, the prosecutor briefly mentions that the image used for recognising the accused was taken before the accused was detained but gives no further explanation. What are judges instructed to do in this situation?",2,The judge is instructed to take the image of the accused before the accused is detained.,768ff9991fd5123196b63dacf15893e14f650fb2f8875d19f0c6099523db6489,1812.3904086999985,15c37bc20edced443b1474f0798e9b9b44033d9fcd8ddb515a76eba3f5a4d918
28,"Harvey is on trial for dangerous driving causing serious injury. Priya, a mechanic with 15 years’ experience, inspects the damaged vehicles and wants to tell the jury that, in her opinion, the pattern of damage shows Harvey was travelling at “at least 110 km/h” before impact. Are Priya’s comments inadmissible because they are opinion evidence?",2,Priya’s comments are opinion evidence and are not admissible because they are opinion.,768ff9991fd5123196b63dacf15893e14f650fb2f8875d19f0c6099523db6489,1812.3904086999985,15c37bc20edced443b1474f0798e9b9b44033d9fcd8ddb515a76eba3f5a4d918
29,"Chris is on trial for intentionally or recklessly causing a bushfire. His counsel says he was carrying out a “cool burn.” Talia, a First Nations woman, is called to explain First Nations practices. Is Talia’s evidence admissible?",2,Talia’s evidence is admissible because it is based on the fact that Talia is a First Nations woman.,768ff9991fd5123196b63dacf15893e14f650fb2f8875d19f0c6099523db6489,1812.3904086999985,15c37bc20edced443b1474f0798e9b9b44033d9fcd8ddb515a76eba3f5a4d918
30,"Noah is on trial for killing his father, who had been violent towards Noah’s mother for decades. The defence calls an expert to describe how poverty, lack of access to services, and cultural stigma around separation can trap families in violent homes. Is this expert's evidence admissible?",2,"The defence calls an expert to describe how poverty, lack of access to services, and cultural stigma around separation can trap families in violent homes.",768ff9991fd5123196b63dacf15893e14f650fb2f8875d19f0c6099523db6489,1812.3904086999985,15c37bc20edced443b1474f0798e9b9b44033d9fcd8ddb515a76eba3f5a4d918
31,"Police have detained and taken DNA samples from three of four full siblings in a carjacking investigation: Chloe (female, 24), Sam (female, 23), and Joseph (male, 22). The fourth sibling, Kyle (male, 22), was not detained or sampled. Mitochondrial DNA testing of a crime scene sample links all three sampled siblings to the scene. Y-STR testing (which examines Y-chromosome DNA passed from father to son) links Joseph to the scene. Nuclear DNA testing also links Joseph to the scene. Is this information sufficient to reasonably link Joseph to the crime scene?",2,Mitochondrial DNA testing of a crime scene sample links all three sampled siblings to the scene. Y-STR testing (which examines,768ff9991fd5123196b63dacf15893e14f650fb2f8875d19f0c6099523db6489,1812.3904086999985,15c37bc20edced443b1474f0798e9b9b44033d9fcd8ddb515a76eba3f5a4d918
32,"Police have detained and taken DNA samples from three of four full siblings in a carjacking investigation: Chloe (female, 24), Sam (female, 23), and Joseph (male, 22). The fourth sibling, Kylie (female, 22), was not detained or sampled. Mitochondrial DNA testing of a crime scene sample links all three sampled siblings to the scene. Y-STR testing (which examines Y-chromosome DNA passed from father to son) links Joseph to the scene. Nuclear DNA testing also links Joseph to the scene. Is this information sufficient to reasonably link Joseph to the crime scene?",2,Mitochondrial DNA testing of a crime scene sample links all three sampled siblings to the scene. Y-STR testing (which examines,768ff9991fd5123196b63dacf15893e14f650fb2f8875d19f0c6099523db6489,1812.3904086999985,15c37bc20edced443b1474f0798e9b9b44033d9fcd8ddb515a76eba3f5a4d918
33,Is the right to silence based solely on common law?,2,The right to silence is based on the common law principle of the law of silence.,768ff9991fd5123196b63dacf15893e14f650fb2f8875d19f0c6099523db6489,1812.3904086999985,15c37bc20edced443b1474f0798e9b9b44033d9fcd8ddb515a76eba3f5a4d918
34,"Daniel is questioned by police about an armed robbery. He gives his name and age but answers “no comment” when asked where he was at 1 am and who he was with. He is now on trial, and you are the prosecutor. Should you invite the jury to treat his selective silence as evidence of guilt?",2,Daniel is questioned by police about an armed robbery. He gives his name and age but answers “no comment” when asked where ,768ff9991fd5123196b63dacf15893e14f650fb2f8875d19f0c6099523db6489,1812.3904086999985,15c37bc20edced443b1474f0798e9b9b44033d9fcd8ddb515a76eba3f5a4d918
35,"At dinner, Kim and Frank watch a news story about a drive-by shooting. Kim says the car looks like Frank’s and asks, “That’s not your car, is it, Frank?” Frank stays silent. Frank is now on trial. Why is it important for the prosecution that Kim is not a government authority?",2,Kim is not a government authority.,768ff9991fd5123196b63dacf15893e14f650fb2f8875d19f0c6099523db6489,1812.3904086999985,15c37bc20edced443b1474f0798e9b9b44033d9fcd8ddb515a76eba3f5a4d918
36,"Kim and Frank are at a Christmas party and are watching a news story about a recent drive-by shooting. Kim thinks the car looks like Frank’s and asks, “That’s not your car, is it?” Frank stays silent. A few minutes later, the police shut down the party due to noise complaints. Later, Frank is on trial for offences related to the same drive-by shooting. Why is it important to the defence that the party was loud?",2,Kim and Frank are at a Christmas party and are watching a news story about a recent drive-by shooting. Kim thinks the car looks like,768ff9991fd5123196b63dacf15893e14f650fb2f8875d19f0c6099523db6489,1812.3904086999985,15c37bc20edced443b1474f0798e9b9b44033d9fcd8ddb515a76eba3f5a4d918
37,"Rachel is on trial for poisoning her business partner with mushrooms. There is no direct proof Rachel possessed poisonous mushrooms, but the prosecution shows that: (1) two weeks before the death she searched for a specific species of poisonous mushroom; (2) she had a manual for dehydration equipment that can mask the taste of mushrooms; and (3) toxicology shows her partner was poisoned by that same species. The prosecution argues it is highly improbable all of this is coincidental, if the death were an accident. What kind of inferential reasoning or type of evidence is the prosecution asking the jury to use?",2,"The prosecution argues it is highly improbable all of this is coincidental, if the death were an accident.",768ff9991fd5123196b63dacf15893e14f650fb2f8875d19f0c6099523db6489,1812.3904086999985,15c37bc20edced443b1474f0798e9b9b44033d9fcd8ddb515a76eba3f5a4d918
38,Daisy witnessed a murder in her prison and is called by the prosecution to give evidence. Is she a “prison informer”?,2,Daisy witnessed a murder in her prison and is called by the prosecution to give evidence. Is she a “prison informer”?,768ff9991fd5123196b63dacf15893e14f650fb2f8875d19f0c6099523db6489,1812.3904086999985,15c37bc20edced443b1474f0798e9b9b44033d9fcd8ddb515a76eba3f5a4d918
39,"Emma is committed for trial on 1 March. On 25 March, she first tells her lawyer she was at a movie with her sister at the time of the alleged offence and wants both to give evidence, but no notice has been filed. What procedural step is required before Emma, or her sister can give evidence that she was at the movie rather than at the scene of the offence?",2,"Emma is committed for trial on 1 March. On 25 March, she first tells her lawyer she was at a movie with her sister at the time of",768ff9991fd5123196b63dacf15893e14f650fb2f8875d19f0c6099523db6489,1812.3904086999985,15c37bc20edced443b1474f0798e9b9b44033d9fcd8ddb515a76eba3f5a4d918
40,"Alex is charged with a robbery at a shopping centre at 8:15 pm. He leads evidence that he was having dinner with friends at a restaurant across town at that time, and the jury thinks there is a real chance this is true. Ignoring the standard elements of robbery, what more needs to be proven to establish Alex’s guilt?",2,Alex is charged with a robbery at a shopping centre at 8:15 pm. He leads evidence that he was having dinner with friends,768ff9991fd5123196b63dacf15893e14f650fb2f8875d19f0c6099523db6489,1812.3904086999985,15c37bc20edced443b1474f0798e9b9b44033d9fcd8ddb515a76eba3f5a4d918
41,"Liam and Noah plan to break into a warehouse to steal electronics. Liam agrees to act as the lookout while Noah goes inside; during the burglary, Noah violently assaults a security guard. Liam is later charged as a secondary party to the assault. Under Victorian law, on what basis could Liam be found “involved in the commission” of the assault, even though he only agreed to help with the burglary?",2,Liam is charged as a secondary party to the assault.,768ff9991fd5123196b63dacf15893e14f650fb2f8875d19f0c6099523db6489,1812.3904086999985,15c37bc20edced443b1474f0798e9b9b44033d9fcd8ddb515a76eba3f5a4d918
42,"Courtney and Tom agree to sell what they think is a harmless “party pill” to strangers at a music festival. The pills are in fact a controlled drug, and the conduct clearly amounts to a criminal offence. For Courtney to be liable on the basis of this agreement, must the prosecution prove that she knew the substance was illegal?",2,Courtney and Tom agree to sell what they think is a harmless “party pill” to strangers at a music festival. The pills are in fact,768ff9991fd5123196b63dacf15893e14f650fb2f8875d19f0c6099523db6489,1812.3904086999985,15c37bc20edced443b1474f0798e9b9b44033d9fcd8ddb515a76eba3f5a4d918
43,"Noah convinces his 12-year-old nephew to deliver a sealed package to an address, telling him it contains “books for a friend,” when in fact Noah has filled the package with prohibited drugs. The nephew has no idea what is inside and believes he’s doing a harmless favour. If police intercept the drugs, can Noah be liable as a principal offender for drug trafficking?",2,Noah’s nephew is a 12-year-old boy who has been convicted of drug trafficking. The Victorian Criminal Law Authority (Vic) has,768ff9991fd5123196b63dacf15893e14f650fb2f8875d19f0c6099523db6489,1812.3904086999985,15c37bc20edced443b1474f0798e9b9b44033d9fcd8ddb515a76eba3f5a4d918
44,"Jordan is a factory worker; Mia is his supervisor. They’re both charged with a Commonwealth conspiracy to commit an offence that requires an employer to ensure the safety of employees at a hazardous worksite. Two company directors, alleged to be the other parties to the agreement, have already been acquitted of the conspiracy. In these circumstances, can Jordan be found guilty of the conspiracy?",2,Jordan is a factory worker; Mia is his supervisor. They’re both charged with a Commonwealth conspiracy to commit an offence that requires an employer,768ff9991fd5123196b63dacf15893e14f650fb2f8875d19f0c6099523db6489,1812.3904086999985,15c37bc20edced443b1474f0798e9b9b44033d9fcd8ddb515a76eba3f5a4d918
45,"Clyde, who has schizophrenia, assaults a stranger while experiencing delusions. He knows he is hitting a person but believes they are a “demon.” Does his mental illness, or his failure to appreciate the wrongfulness of his conduct, necessarily make his act involuntary?",2,"Clyde, who has schizophrenia, assaults a stranger while experiencing delusions. He knows he is hitting a person but believes they are",768ff9991fd5123196b63dacf15893e14f650fb2f8875d19f0c6099523db6489,1812.3904086999985,15c37bc20edced443b1474f0798e9b9b44033d9fcd8ddb515a76eba3f5a4d918
46,"Jonah is driving when he suddenly suffers an unexpected convulsion, causing his leg to slam down on the accelerator and his car to mount the curb and hit a pedestrian. If the only cause of the collision was this sudden bodily movement during the convulsion, how should a court characterise his physical act for the purpose of criminal liability?",2,"Jonah is driving when he suddenly suffers an unexpected convulsion, causing his leg to slam down on the accelerator and his car",768ff9991fd5123196b63dacf15893e14f650fb2f8875d19f0c6099523db6489,1812.3904086999985,15c37bc20edced443b1474f0798e9b9b44033d9fcd8ddb515a76eba3f5a4d918
47,"At Andrew’s assault trial, there is no suggestion he was unconscious, seizing, or sleepwalking; all the evidence shows him standing, speaking, and then punching the complainant. Does the prosecution need specific evidence that the punch was voluntary, or can voluntariness be inferred from these circumstances?",2,"Andrew’s assault trial, there is no suggestion he was unconscious, seizing, or sleepwalking; all the evidence shows him standing, speaking,",768ff9991fd5123196b63dacf15893e14f650fb2f8875d19f0c6099523db6489,1812.3904086999985,15c37bc20edced443b1474f0798e9b9b44033d9fcd8ddb515a76eba3f5a4d918
48,"Jacob sets off powerful fireworks in a small, crowded backyard. He later admits he knew people could get hurt but did it anyway. In Victoria, what level of criminal culpability best describes his conduct?",2,"Jacob sets off powerful fireworks in a small, crowded backyard. He later admits he knew people could get hurt but did it anyway. In Victoria",768ff9991fd5123196b63dacf15893e14f650fb2f8875d19f0c6099523db6489,1812.3904086999985,15c37bc20edced443b1474f0798e9b9b44033d9fcd8ddb515a76eba3f5a4d918
49,"Liam throws a heavy brick off a freeway overpass into peak-hour traffic. He later tells police, “I knew it might hit a car, but I didn’t really think much more about it.” At trial, the prosecution tells the jury that recklessness is established if Liam knew the brick “might” cause harm. Why is this an incorrect statement of the legal test for recklessness in Victoria?",2,"Liam throws a heavy brick off a freeway overpass into peak-hour traffic. He later tells police, “I knew it might",768ff9991fd5123196b63dacf15893e14f650fb2f8875d19f0c6099523db6489,1812.3904086999985,15c37bc20edced443b1474f0798e9b9b44033d9fcd8ddb515a76eba3f5a4d918
50,Abigail is on trial in Victoria for causing serious injury. She argues that the injury was “an accident” because she pushed a door open without looking and it unexpectedly hit someone on the other side. Can Abigail rely on a standalone defence of “accident” in Victoria?,2,Abigail is on trial in Victoria for causing serious injury. She argues that the injury was “an accident” because she pushed a door,768ff9991fd5123196b63dacf15893e14f650fb2f8875d19f0c6099523db6489,1812.3904086999985,15c37bc20edced443b1474f0798e9b9b44033d9fcd8ddb515a76eba3f5a4d918
51,"Ethan punches Marcus once in the head during an argument. Marcus falls, hits his head on the gutter, and dies in hospital two days later. At trial, Ethan admits to killing Marcus by punching him. What elements must still be proved for Ethan to be convicted of murder?",2,"Marcus falls, hits his head on the gutter, and dies in hospital two days later. At trial, Ethan admits to killing Marcus by punching",768ff9991fd5123196b63dacf15893e14f650fb2f8875d19f0c6099523db6489,1812.3904086999985,15c37bc20edced443b1474f0798e9b9b44033d9fcd8ddb515a76eba3f5a4d918
52,"Ethan admits he voluntarily and intentionally killed Marcus, a German Shepherd, without lawful justification. Name ONE element of murder that is missing here.",2,Marcus was a German Shepherd.,768ff9991fd5123196b63dacf15893e14f650fb2f8875d19f0c6099523db6489,1812.3904086999985,15c37bc20edced443b1474f0798e9b9b44033d9fcd8ddb515a76eba3f5a4d918
53,"Ethan, a sane 24-year-old, intentionally killed Marcus, a child, without lawful justification, and the jury accepts this beyond reasonable doubt. Under Victorian law, how could this still not amount to manslaughter or murder?",2,The jury must consider whether the circumstances are reasonable or not. The jury may also consider whether a defendant has been guilty of a crime.,768ff9991fd5123196b63dacf15893e14f650fb2f8875d19f0c6099523db6489,1812.3904086999985,15c37bc20edced443b1474f0798e9b9b44033d9fcd8ddb515a76eba3f5a4d918
54,"Harper, a New South Wales resident, shoots Riley in Sydney. Riley is stabilised in an NSW hospital, then transferred to a specialist trauma unit in Melbourne, where complications arise during surgery and he dies 10 days after the shooting. Can Harper be tried in a Victorian court?",2,Harper is a New South Wales resident who lives in Sydney. He is convicted of murdering Riley in Sydney and is awaiting trial in the Victorian Court,768ff9991fd5123196b63dacf15893e14f650fb2f8875d19f0c6099523db6489,1812.3904086999985,15c37bc20edced443b1474f0798e9b9b44033d9fcd8ddb515a76eba3f5a4d918
55,"Mila fires a gun recklessly into a crowded apartment block corridor, committing the offence of reckless conduct endangering life. One of the bullets kills Jonah. The prosecution seeks to invoke statutory murder. On what basis could this reckless conduct offence be treated as a foundational offence?",2,The prosecution seeks to invoke statutory murder.,768ff9991fd5123196b63dacf15893e14f650fb2f8875d19f0c6099523db6489,1812.3904086999985,15c37bc20edced443b1474f0798e9b9b44033d9fcd8ddb515a76eba3f5a4d918
56,"During an argument outside a bar in 2016, Taylor swings once at Jordan’s jaw; Jordan falls backwards, hits their head on the curb and dies from the head injury. For manslaughter by an unlawful and dangerous act, which element of the offence does Crimes Act 1958 s 4A(4) help the jury assess?",2,The Court of Appeal of Victoria has ruled that the sentence of manslaughter by an unlawful and dangerous act is not a criminal offence.,768ff9991fd5123196b63dacf15893e14f650fb2f8875d19f0c6099523db6489,1812.3904086999985,15c37bc20edced443b1474f0798e9b9b44033d9fcd8ddb515a76eba3f5a4d918
57,"The accused admits he did not actually think death or really serious injury was likely, but the jury is sure that any reasonable person in his position would have realised they were exposing the victim to an appreciable risk of serious injury. If both reckless murder and manslaughter are left, which verdict does this state of mind support?",2,"The accused admits he did not actually think death or really serious injury was likely, but the jury is sure that any reasonable person in his position would have",768ff9991fd5123196b63dacf15893e14f650fb2f8875d19f0c6099523db6489,1812.3904086999985,15c37bc20edced443b1474f0798e9b9b44033d9fcd8ddb515a76eba3f5a4d918
58,"In 2010, Amir and Bella agree to “rough up” a debtor by slapping him around and threatening him, but nothing more. During the confrontation, Bella unexpectedly pulls a knife and fatally stabs the debtor. Amir is charged with manslaughter as a secondary party. If the prosecution relies on the doctrine that extends liability beyond the agreed lesser assault, what must they prove about Amir’s foresight of Bella’s escalation?",2,"Amir and Bella agree to “rough up” a debtor by slapping him around and threatening him, but nothing more. ",768ff9991fd5123196b63dacf15893e14f650fb2f8875d19f0c6099523db6489,1812.3904086999985,15c37bc20edced443b1474f0798e9b9b44033d9fcd8ddb515a76eba3f5a4d918
59,"A person is sitting in the back seat of a moving taxi when the taxi strikes a pedestrian at a crossing, killing them instantly. The prosecution later alleges that this rear-seat passenger is guilty of culpable driving causing death because he was driving a motor vehicle at the time of the collision. Is this a sound argument?",2,The court has ruled that the driver of the taxi is guilty of culpable driving causing death because he was driving a motor vehicle at,768ff9991fd5123196b63dacf15893e14f650fb2f8875d19f0c6099523db6489,1812.3904086999985,15c37bc20edced443b1474f0798e9b9b44033d9fcd8ddb515a76eba3f5a4d918
60,"In a culpable driving causing death trial, the prosecution tells the jury: “You cannot find the accused guilty unless you are sure he actually realised his driving fell well below that of an ordinary careful driver; if he was simply unaware of the danger, you must acquit.” Is this an accurate statement of the law?",2,The court may decide that the accused was not aware of the danger and that he was not guilty.,768ff9991fd5123196b63dacf15893e14f650fb2f8875d19f0c6099523db6489,1812.3904086999985,15c37bc20edced443b1474f0798e9b9b44033d9fcd8ddb515a76eba3f5a4d918
61,Two friends agree to race their cars along a suburban street. One driver loses control and fatally hits a cyclist; the other does not crash. On what general basis could the second driver still be held responsible for the death?,2,The second driver is liable for the death of a cyclist if he loses control and does not crash.,768ff9991fd5123196b63dacf15893e14f650fb2f8875d19f0c6099523db6489,1812.3904086999985,15c37bc20edced443b1474f0798e9b9b44033d9fcd8ddb515a76eba3f5a4d918
62,"While driving late at night, Jerry fails to see a cyclist and runs him over, killing him instantly. Jerry was not drunk, reckless or negligent. Why does it matter to the prosecution that Jerry knew his headlights were broken before driving?",2,"Jerry was not drunk, reckless or negligent.",768ff9991fd5123196b63dacf15893e14f650fb2f8875d19f0c6099523db6489,1812.3904086999985,15c37bc20edced443b1474f0798e9b9b44033d9fcd8ddb515a76eba3f5a4d918
63,"Asha is Ben’s manager at work. One evening they both freely and voluntarily have sex. Two days after the act, Asha regrets her decision. Does this mean Asha's consent was violated?",2,Asha regrets her decision because she has sex with Ben.,768ff9991fd5123196b63dacf15893e14f650fb2f8875d19f0c6099523db6489,1812.3904086999985,15c37bc20edced443b1474f0798e9b9b44033d9fcd8ddb515a76eba3f5a4d918
64,"Jones is on trial for an unnamed sexual offence. He says that, in his culture, silence or lack of resistance means agreement. In light of this explanation, what specific issue about Jones awareness must the jury determine when deciding his guilt?",2,"Jones is on trial for an unnamed sexual offence. He says that, in his culture, silence or lack of resistance means agreement. In light of",768ff9991fd5123196b63dacf15893e14f650fb2f8875d19f0c6099523db6489,1812.3904086999985,15c37bc20edced443b1474f0798e9b9b44033d9fcd8ddb515a76eba3f5a4d918
65,"Jones is on trial for an unnamed sexual offence. He says that, in his culture, silence or lack of resistance means agreement. Must the jury learn more about this culture to decide whether he reasonably believed there was consent?",2,"Jones is on trial for an unnamed sexual offence. He says that, in his culture, silence or lack of resistance means agreement. Must the jury",768ff9991fd5123196b63dacf15893e14f650fb2f8875d19f0c6099523db6489,1812.3904086999985,15c37bc20edced443b1474f0798e9b9b44033d9fcd8ddb515a76eba3f5a4d918
66,"After an alleged sexual assault, Liam goes straight to his sister’s apartment and, sobbing and struggling to speak, tells her what happened. At trial, the prosecution calls his sister to describe his emotional state when he reported it. Why might Liam’s behaviour at that time be important evidence against the accused?",2,"Liam goes straight to his sister’s apartment and, sobbing and struggling to speak, tells her what happened. At trial, the prosecution calls his",768ff9991fd5123196b63dacf15893e14f650fb2f8875d19f0c6099523db6489,1812.3904086999985,15c37bc20edced443b1474f0798e9b9b44033d9fcd8ddb515a76eba3f5a4d918
67,"At trial, the complainant describes an alleged sexual assault in a completely flat tone, without visible emotion. Some jurors think this means she is “probably lying.” Is this a valid assumption?",2,"The complainant describes an alleged sexual assault in a completely flat tone, without visible emotion. Some jurors think this means she is “probably lying",768ff9991fd5123196b63dacf15893e14f650fb2f8875d19f0c6099523db6489,1812.3904086999985,15c37bc20edced443b1474f0798e9b9b44033d9fcd8ddb515a76eba3f5a4d918
68,"Assume the year is 2012. Why is it problematic for a judge to direct the jury that the prosecution must prove the accused “intended to commit rape in the sense that, at the time of penetration, he knew the complainant was not or might not be consenting”?",2,The court must consider whether the accused intended to commit rape in the sense that he knew the complainant was not or might not be consenting.,768ff9991fd5123196b63dacf15893e14f650fb2f8875d19f0c6099523db6489,1812.3904086999985,15c37bc20edced443b1474f0798e9b9b44033d9fcd8ddb515a76eba3f5a4d918
69,"The prosecution alleges that the accused forced the complainant to put his own penis into his own mouth. Under the current statutory definition, does this amount to sexual penetration of oneself?",2,"The prosecution alleges that the accused forced the complainant to put his own penis into his own mouth. Under the current statutory definition, does this amount",768ff9991fd5123196b63dacf15893e14f650fb2f8875d19f0c6099523db6489,1812.3904086999985,15c37bc20edced443b1474f0798e9b9b44033d9fcd8ddb515a76eba3f5a4d918
70,"In 2016, person A instructs person C to insert person C’s finger into person B’s mouth. Under the definition of “sexual penetration” in s 37D of the Crimes Act 1958, why does this not amount to person A sexually penetrating person B?",2,The Crimes Act 1958 provides that a person who is sexually penetrating someone is not a criminal.,768ff9991fd5123196b63dacf15893e14f650fb2f8875d19f0c6099523db6489,1812.3904086999985,15c37bc20edced443b1474f0798e9b9b44033d9fcd8ddb515a76eba3f5a4d918
71,"In 2016, person A instructs person C to insert person C’s penis into person B’s mouth. Under the definition of “sexual penetration” in s 37D of the Crimes Act 1958, why does this amount to person A sexually penetrating person B?",2,The crime of sexual penetration is a criminal offence under the Crimes Act 1958.,768ff9991fd5123196b63dacf15893e14f650fb2f8875d19f0c6099523db6489,1812.3904086999985,15c37bc20edced443b1474f0798e9b9b44033d9fcd8ddb515a76eba3f5a4d918
72,"Under Victorian law, can a person assigned male at birth be sexually penetrated somewhere other than the anus or mouth?",2,The Australian Constitution states that a person assigned male at birth is not entitled to sexually penetrate the anus or mouth.,768ff9991fd5123196b63dacf15893e14f650fb2f8875d19f0c6099523db6489,1812.3904086999985,15c37bc20edced443b1474f0798e9b9b44033d9fcd8ddb515a76eba3f5a4d918
73,"On a crowded tram, Caleb briefly brushes Rina’s hand while reaching for a pole; later he privately admits he finds her attractive and had a sexual interest in her. On these grounds alone, is Caleb’s private sexual interest enough to make that brief hand contact “sexual touching”?",2,Caleb is a person who has a sexual interest in Rina. Calebria is referred to as a “sexual touching”,768ff9991fd5123196b63dacf15893e14f650fb2f8875d19f0c6099523db6489,1812.3904086999985,15c37bc20edced443b1474f0798e9b9b44033d9fcd8ddb515a76eba3f5a4d918
74,"Assume the year is 2011. Nina is sexually aroused by feet and secretly attracted to her colleague Caleb. During a meeting, she slowly removes his shoe under the table, later admitting she did so purely for her own sexual gratification. Does her sexual motive alone make the removal of Caleb’s shoe an indecent assault?",2,Nina is a woman who is sexually aroused by feet and secretly attracted to her colleague Caleb. Nina removes Cal,768ff9991fd5123196b63dacf15893e14f650fb2f8875d19f0c6099523db6489,1812.3904086999985,15c37bc20edced443b1474f0798e9b9b44033d9fcd8ddb515a76eba3f5a4d918
75,"During an argument, Imogen swings her fist at Sara but stops just short. Sara flinches and braces for impact, but later says she “wasn’t actually scared.” Why doesn’t Sara’s claim that she wasn’t afraid stop Imogen’s conduct from amounting to assault?",2,Sara’s claim that she wasn’t scared does not stop Sara from being assaulted.,768ff9991fd5123196b63dacf15893e14f650fb2f8875d19f0c6099523db6489,1812.3904086999985,15c37bc20edced443b1474f0798e9b9b44033d9fcd8ddb515a76eba3f5a4d918
76,“I’m not from law enforcement and I’m going to illegally kill you in the next couple of years or so” does not amount to assault because which element of the offence is missing?,2,The offence is not a crime of assault.,768ff9991fd5123196b63dacf15893e14f650fb2f8875d19f0c6099523db6489,1812.3904086999985,15c37bc20edced443b1474f0798e9b9b44033d9fcd8ddb515a76eba3f5a4d918
77,"Mia receives several late-night calls from Noah. Each time she answers, he says nothing. Knowing his violent history, she believes he is outside about to attack. What is the citation of the common law case that held this conduct can amount to assault?",2,"Mia receives several late-night calls from Noah. Each time she answers, he says nothing. Knowing his violent history, she believes he is",768ff9991fd5123196b63dacf15893e14f650fb2f8875d19f0c6099523db6489,1812.3904086999985,15c37bc20edced443b1474f0798e9b9b44033d9fcd8ddb515a76eba3f5a4d918
78,"Assault' is defined to mean the direct or indirect application of force to the body of, or to the clothing or equipment worn by, a person. “Application of force” is defined to include the application of heat, light, electric current or any other form of energy, as well as the application of matter in solid, liquid or gaseous form. For the purposes of Victorian criminal law as it pertains to assault, which statute establishes the meaning of a police officer?",2,The Victorian Criminal Law Act 1894 provides that a police officer is a person who is authorised to act as a judicial officer.,768ff9991fd5123196b63dacf15893e14f650fb2f8875d19f0c6099523db6489,1812.3904086999985,15c37bc20edced443b1474f0798e9b9b44033d9fcd8ddb515a76eba3f5a4d918
79,"Officer Harper stops Liam on the street, says, “I’m just curious if you’ve got anything on you,” and, without any lawful basis, searches his pockets and finds drugs. Liam resists and accidentally strikes Harper during the unlawful search. In these circumstances, is Harper acting “in the execution of her duty” at the time of the alleged assault?",2,"Liam resists and accidentally strikes Harper during the unlawful search. In these circumstances, is Harper acting “in the execution of her duty” at the time of",768ff9991fd5123196b63dacf15893e14f650fb2f8875d19f0c6099523db6489,1812.3904086999985,15c37bc20edced443b1474f0798e9b9b44033d9fcd8ddb515a76eba3f5a4d918
80,"As officers move in to arrest Malik outside a bar, his friend Tia sees them coming and yells, “Run, they’re about to grab you!” intending to help him escape. What key fact about the effect of Tia’s warning must be proved in order to charge her with obstruction?",2,Malik is a man who has been arrested for allegedly attempting to rob a bar. He is also a member of the gang,768ff9991fd5123196b63dacf15893e14f650fb2f8875d19f0c6099523db6489,1812.3904086999985,15c37bc20edced443b1474f0798e9b9b44033d9fcd8ddb515a76eba3f5a4d918
81,Which Victorian statute amended the Crimes Act 1958 to cover stalking over the internet?,2,"Victorian law imposes a fine of up to £1,000 on a stalker who is found to have a sex with another",768ff9991fd5123196b63dacf15893e14f650fb2f8875d19f0c6099523db6489,1812.3904086999985,15c37bc20edced443b1474f0798e9b9b44033d9fcd8ddb515a76eba3f5a4d918
82,"What are the elements of carjacking? Actually, I can answer that question for you. The offence has the following three elements: (i) The accused stole a vehicle; (ii) Immediately before or at the time of the theft, the accused: (a) Used force on any person; or (b) Put any person in fear that s/he or another person would, then and there, be subject to the use of force; or (c) Sought to put any person in fear that s/he or another person would, then and there, be subject to the use of force; and (iii) The accused did so in order to commit the theft (Crimes Act 1958 s 79(1)). Answer only this question: In a large shopping centre, Soraya stands in one spot near the central atrium all afternoon, turning only her head and eyes to keep Felix in view as he walks between different levels and stores. She never changes her physical position. On these facts, does Soraya follow Felix?",2,The offence has the following three elements: (i) The accused stole a vehicle; (ii) Immediately before or at the time of the,768ff9991fd5123196b63dacf15893e14f650fb2f8875d19f0c6099523db6489,1812.3904086999985,15c37bc20edced443b1474f0798e9b9b44033d9fcd8ddb515a76eba3f5a4d918
83,"Angry at Leo, Martina repeatedly dumps dead flowers and threatening notes on his doorstep and also tags him in public posts accusing him of crimes, hoping his employer will see them. Which two separate stalking acts in statutes best capture this pattern? The following information is irrelevant to answering the question: In 2013, Leo was convicted of “manslaughter by unlawful and dangerous act.” During the trial, a jury member asked the judge the following question: “Under Victorian law, what is the first element of an unlawful and dangerous act causing death and what does it entail? And also, what are the other elements to this offence? And how is it different to negligent manslaughter?”",2,"Martina repeatedly dumps dead flowers and threatening notes on his doorstep and also tags him in public posts accusing him of crimes, hoping his employer will see",768ff9991fd5123196b63dacf15893e14f650fb2f8875d19f0c6099523db6489,1812.3904086999985,15c37bc20edced443b1474f0798e9b9b44033d9fcd8ddb515a76eba3f5a4d918
84,"Mary is Rafa’s mother. Twelve-year-old Rafa has been especially naughty this week: on Monday he threw water on his brother Gregory, and on Tuesday he stole his sister’s watch. On Wednesday, as punishment, Mary confines Rafa to his room for an hour. What are the citations of the cases suggesting that Mary’s treatment of Rafa is lawful? As an aside, let's talk about Mary’s childhood. When Mary was younger, she was part of a violent gang. She would roam the streets carrying a cricket bat, and when elderly women walked past, Mary would swing the bat towards them, never actually hitting them but bringing it close enough to make them believe they were about to be struck. One day, Mary was caught by the police. She was charged with assault not involving the application of force but was never convicted because the prosecution couldn’t prove the first element of the offence.",2,Mary was convicted of assault not involving the application of force but was never convicted because the prosecution couldn’t prove the first element of the offence,768ff9991fd5123196b63dacf15893e14f650fb2f8875d19f0c6099523db6489,1812.3904086999985,15c37bc20edced443b1474f0798e9b9b44033d9fcd8ddb515a76eba3f5a4d918
85,"After an argument at home, 15-year-old Felix storms out and gets into the car of his aunt, Rosa, who takes him to stay at her house. Rosa used no trickery or threats, but she knows Felix’s parents want him back and tells him, “You can stay here as long as you like.” On these facts, is Rosa’s conduct closer to taking a child or harbouring a child under the Victorian law?",2,Rosa’s conduct is not a crime.,768ff9991fd5123196b63dacf15893e14f650fb2f8875d19f0c6099523db6489,1812.3904086999985,15c37bc20edced443b1474f0798e9b9b44033d9fcd8ddb515a76eba3f5a4d918
86,"A 13-year-old, Hamish, orders a rideshare to a friend’s house after a fight with his parents. The driver, Zoe, picks him up outside his home, asks “Are your parents okay with you going?”, gets a vague shrug, but offers no encouragement and simply follows the entered destination. On these facts, has Zoe taken Hamish away?",2,Zoe is a driver who is not a child.,768ff9991fd5123196b63dacf15893e14f650fb2f8875d19f0c6099523db6489,1812.3904086999985,15c37bc20edced443b1474f0798e9b9b44033d9fcd8ddb515a76eba3f5a4d918
87,"During a gig, Luca quietly picks up someone else’s guitar, uses it for his set, then returns it to exactly the same spot before the owner notices. He always planned to put it back. On these facts alone, has Luca formed the mental element for theft?",2,Luca is a person who is able to act in a manner that is not a crime.,768ff9991fd5123196b63dacf15893e14f650fb2f8875d19f0c6099523db6489,1812.3904086999985,15c37bc20edced443b1474f0798e9b9b44033d9fcd8ddb515a76eba3f5a4d918
88,How does the definition of “dishonesty” under Commonwealth law differ from that used in Victorian law?,2,"The definition of “dishonesty” under Victorian law is that a person has a right to a fair trial, and that the court",768ff9991fd5123196b63dacf15893e14f650fb2f8875d19f0c6099523db6489,1812.3904086999985,15c37bc20edced443b1474f0798e9b9b44033d9fcd8ddb515a76eba3f5a4d918
89,What is a good?,2,Good is a good thing.,768ff9991fd5123196b63dacf15893e14f650fb2f8875d19f0c6099523db6489,1812.3904086999985,15c37bc20edced443b1474f0798e9b9b44033d9fcd8ddb515a76eba3f5a4d918
90,"Kai forces the owner of a vacant farm to leave, then lives there rent-free for six months, locking everyone else out of the gate and using it as his own space. For the purposes of handling stolen goods, does Kai’s wrongful occupation turn the land itself into “stolen goods”?",2,Kai’s wrongful occupation of the land itself turns the land into “stolen goods” in Victorian criminal law.,768ff9991fd5123196b63dacf15893e14f650fb2f8875d19f0c6099523db6489,1812.3904086999985,15c37bc20edced443b1474f0798e9b9b44033d9fcd8ddb515a76eba3f5a4d918
91,Carmen submits a valuation certificate for 500 crates of “premium truffles” that don’t exist and uses it to support a finance application. Which case has been treated as authority that a valuation of non-existent goods is fraudulent in this way?,2,Carmen submits a valuation certificate for 500 crates of “premium truffles” that don’t exist and uses it to support a,768ff9991fd5123196b63dacf15893e14f650fb2f8875d19f0c6099523db6489,1812.3904086999985,15c37bc20edced443b1474f0798e9b9b44033d9fcd8ddb515a76eba3f5a4d918
92,"One element of theft is an intention to permanently deprive the owner of property. Nicholas threatens to smash his neighbour’s car unless she pays him $500 “for the damage you did last year,” an amount she genuinely owes. He intends to keep the $500 permanently but makes no claim over any other property. On these facts, which offence does his state of mind more clearly support – theft or blackmail – and why?",2,The Court of Appeal ruled that the defendant was not guilty of a crime of theft.,768ff9991fd5123196b63dacf15893e14f650fb2f8875d19f0c6099523db6489,1812.3904086999985,15c37bc20edced443b1474f0798e9b9b44033d9fcd8ddb515a76eba3f5a4d918
93,"Rafi, a former executive of a publicly traded company, phones the current CEO and says, “Transfer $1 million to my account or I’ll leak information that will seriously damage your company's valuation.” Years earlier, Rafi was convicted of assault not involving force. Under Victorian law, what technical label best fits this kind of threat, and which reported case in your materials is cited as authority for treating market-damage threats in this way?",2,"Rafi, a former executive of a publicly traded company, phones the current CEO and says, “Transfer $1 million to my account or I",768ff9991fd5123196b63dacf15893e14f650fb2f8875d19f0c6099523db6489,1812.3904086999985,15c37bc20edced443b1474f0798e9b9b44033d9fcd8ddb515a76eba3f5a4d918
94,"Josh deliberately and dishonestly destroys physical bank documents that record a loan he still owes, hoping to improve his own financial position. Which specific offence best captures Josh's conduct?",2,"Josh deliberately and dishonestly destroys physical bank documents that record a loan he still owes, hoping to improve his own financial position",768ff9991fd5123196b63dacf15893e14f650fb2f8875d19f0c6099523db6489,1812.3904086999985,15c37bc20edced443b1474f0798e9b9b44033d9fcd8ddb515a76eba3f5a4d918
95,"Marco transfers cryptocurrency through multiple wallets to make it harder to trace, fully aware it came from a fraud scheme. Under the Victorian “dealing with proceeds of crime” offences, which physical element is clearly satisfied by his conduct, and which highest mental state could be charged on these facts?",2,"Marco transfers cryptocurrency through multiple wallets to make it harder to trace, fully aware it came from a fraud scheme. Under the Victorian “dealing with proceeds",768ff9991fd5123196b63dacf15893e14f650fb2f8875d19f0c6099523db6489,1812.3904086999985,15c37bc20edced443b1474f0798e9b9b44033d9fcd8ddb515a76eba3f5a4d918
96,"Smith is a dealer, and so is his friend Walter. After some haggling, they agree to swap a quantity of Smith’s cocaine for Walter’s ice. Which case is specifically cited to show that this type of deal amounts to trafficking?",2,"Smith is a dealer, and so is his friend Walter. After some haggling, they agree to swap a quantity of Smith’s cocaine for Walter",768ff9991fd5123196b63dacf15893e14f650fb2f8875d19f0c6099523db6489,1812.3904086999985,15c37bc20edced443b1474f0798e9b9b44033d9fcd8ddb515a76eba3f5a4d918
97,"Over six months, Minh alternates between weeks of intense dealing and long quiet stretches with no proven activity. The transactions involve different drugs, buyers and locations, but all are commercial. The indictment alleges he “trafficked” by carrying on a business over that whole period. What must the jury be satisfied of, given the patchy pattern of conduct?",2,The indictment alleges he “trafficked” by carrying on a business over that whole period.,768ff9991fd5123196b63dacf15893e14f650fb2f8875d19f0c6099523db6489,1812.3904086999985,15c37bc20edced443b1474f0798e9b9b44033d9fcd8ddb515a76eba3f5a4d918
98,"“The salt of the abovementioned drugs, derivates and _______” Which word goes in the blank and which act does this phrase belong to?",2,"The salt of the abovementioned drugs, derivates and _",768ff9991fd5123196b63dacf15893e14f650fb2f8875d19f0c6099523db6489,1812.3904086999985,15c37bc20edced443b1474f0798e9b9b44033d9fcd8ddb515a76eba3f5a4d918
99,"After a grave insult, Jordan cools off for several hours, then calmly returns and kills. Which state of mind required for provocation is missing on these facts, and what is the technical term for it?",2,The state of mind required for provocation is not the state of being.,768ff9991fd5123196b63dacf15893e14f650fb2f8875d19f0c6099523db6489,1812.3904086999985,15c37bc20edced443b1474f0798e9b9b44033d9fcd8ddb515a76eba3f5a4d918
100,"“There was an agreement between the accused and the deceased to seek the _____ of all parties to the agreement.” What is the missing word, and where is this specific phrase used?",2,The court was unable to determine whether the accused had been guilty of a crime.,768ff9991fd5123196b63dacf15893e14f650fb2f8875d19f0c6099523db6489,1812.3904086999985,15c37bc20edced443b1474f0798e9b9b44033d9fcd8ddb515a76eba3f5a4d918
